 0 5
 0.002002002002002002 5
 0.004004004004004004 5
 0.006006006006006006 5
 0.0080080080080080079 5
 0.01001001001001001 5
 0.012012012012012012 5
 0.014014014014014014 5
 0.016016016016016016 5
 0.018018018018018018 5
 0.02002002002002002 5
 0.022022022022022022 5
 0.024024024024024024 5
 0.026026026026026026 5
 0.028028028028028028 5
 0.03003003003003003 5
 0.032032032032032032 5
 0.03403403403403403 5
 0.036036036036036036 5
 0.038038038038038041 5
 0.04004004004004004 5
 0.042042042042042038 5
 0.044044044044044044 5
 0.046046046046046049 5
 0.048048048048048048 5
 0.050050050050050046 5
 0.052052052052052052 5
 0.054054054054054057 5
 0.056056056056056056 5
 0.058058058058058054 5
 0.06006006006006006 5
 0.062062062062062065 5
 0.064064064064064064 5
 0.066066066066066062 5
 0.068068068068068061 5
 0.070070070070070073 5
 0.072072072072072071 5
 0.07407407407407407 5
 0.076076076076076082 5
 0.078078078078078081 5
 0.080080080080080079 5
 0.082082082082082078 5
 0.084084084084084076 5
 0.086086086086086089 5
 0.088088088088088087 5
 0.090090090090090086 5
 0.092092092092092098 5
 0.094094094094094097 5
 0.096096096096096095 5
 0.098098098098098094 5
 0.10010010010010009 5
 0.1021021021021021 5
 0.1041041041041041 5
 0.1061061061061061 5
 0.10810810810810811 5
 0.11011011011011011 5
 0.11211211211211211 5
 0.11411411411411411 5
 0.11611611611611611 5
 0.11811811811811812 5
 0.12012012012012012 5
 0.12212212212212212 5
 0.12412412412412413 5
 0.12612612612612611 5
 0.12812812812812813 5
 0.13013013013013014 5
 0.13213213213213212 5
 0.13413413413413414 5
 0.13613613613613612 5
 0.13813813813813813 5
 0.14014014014014015 5
 0.14214214214214213 5
 0.14414414414414414 5
 0.14614614614614616 5
 0.14814814814814814 5
 0.15015015015015015 5
 0.15215215215215216 5
 0.15415415415415415 5
 0.15615615615615616 5
 0.15815815815815815 5
 0.16016016016016016 5
 0.16216216216216217 5
 0.16416416416416416 5
 0.16616616616616617 5
 0.16816816816816815 5
 0.17017017017017017 5
 0.17217217217217218 5
 0.17417417417417416 5
 0.17617617617617617 5
 0.17817817817817819 5
 0.18018018018018017 5
 0.18218218218218218 5
 0.1841841841841842 5
 0.18618618618618618 5
 0.18818818818818819 5
 0.19019019019019018 5
 0.19219219219219219 5
 0.1941941941941942 5
 0.19619619619619619 5
 0.1981981981981982 5
 0.20020020020020018 5
 0.2022022022022022 5
 0.20420420420420421 5
 0.20620620620620619 5
 0.20820820820820821 5
 0.21021021021021022 5
 0.2122122122122122 5
 0.21421421421421422 5
 0.21621621621621623 5
 0.21821821821821821 5
 0.22022022022022023 5
 0.22222222222222221 5
 0.22422422422422422 5
 0.22622622622622623 5
 0.22822822822822822 5
 0.23023023023023023 5
 0.23223223223223222 5
 0.23423423423423423 5
 0.23623623623623624 5
 0.23823823823823823 5
 0.24024024024024024 5
 0.24224224224224225 5
 0.24424424424424424 5
 0.24624624624624625 5
 0.24824824824824826 5
 0.25025025025025027 5
 0.25225225225225223 5
 0.25425425425425424 5
 0.25625625625625625 5
 0.25825825825825827 5
 0.26026026026026028 5
 0.26226226226226224 5
 0.26426426426426425 5
 0.26626626626626626 5
 0.26826826826826827 5
 0.27027027027027029 5
 0.27227227227227224 5
 0.27427427427427425 5
 0.27627627627627627 5
 0.27827827827827828 5
 0.28028028028028029 5
 0.2822822822822823 5
 0.28428428428428426 5
 0.28628628628628627 5
 0.28828828828828829 5
 0.2902902902902903 5
 0.29229229229229231 5
 0.29429429429429427 5
 0.29629629629629628 5
 0.29829829829829829 5
 0.3003003003003003 5
 0.30230230230230232 5
 0.30430430430430433 5
 0.30630630630630629 5
 0.3083083083083083 5
 0.31031031031031031 5
 0.31231231231231232 5
 0.31431431431431434 5
 0.31631631631631629 5
 0.31831831831831831 5
 0.32032032032032032 5
 0.32232232232232233 5
 0.32432432432432434 5
 0.3263263263263263 5
 0.32832832832832831 5
 0.33033033033033032 5
 0.33233233233233234 5
 0.33433433433433435 5
 0.33633633633633631 5
 0.33833833833833832 5
 0.34034034034034033 5
 0.34234234234234234 5
 0.34434434434434436 5
 0.34634634634634637 5
 0.34834834834834832 5
 0.35035035035035034 5
 0.35235235235235235 5
 0.35435435435435436 5
 0.35635635635635637 5
 0.35835835835835833 5
 0.36036036036036034 5
 0.36236236236236236 5
 0.36436436436436437 5
 0.36636636636636638 5
 0.36836836836836839 5
 0.37037037037037035 5
 0.37237237237237236 5
 0.37437437437437437 5
 0.37637637637637639 5
 0.3783783783783784 5
 0.38038038038038036 5
 0.38238238238238237 5
 0.38438438438438438 5
 0.38638638638638639 5
 0.38838838838838841 5
 0.39039039039039036 5
 0.39239239239239238 5
 0.39439439439439439 5
 0.3963963963963964 5
 0.39839839839839841 5
 0.40040040040040037 5
 0.40240240240240238 5
 0.40440440440440439 5
 0.40640640640640641 5
 0.40840840840840842 5
 0.41041041041041043 5
 0.41241241241241239 5
 0.4144144144144144 5
 0.41641641641641641 5
 0.41841841841841843 5
 0.42042042042042044 5
 0.42242242242242239 5
 0.42442442442442441 5
 0.42642642642642642 5
 0.42842842842842843 5
 0.43043043043043044 5
 0.43243243243243246 5
 0.43443443443443441 5
 0.43643643643643643 5
 0.43843843843843844 5
 0.44044044044044045 5
 0.44244244244244246 5
 0.44444444444444442 5
 0.44644644644644643 5
 0.44844844844844844 5
 0.45045045045045046 5
 0.45245245245245247 5
 0.45445445445445443 5
 0.45645645645645644 5
 0.45845845845845845 5
 0.46046046046046046 5
 0.46246246246246248 5
 0.46446446446446443 5
 0.46646646646646645 5
 0.46846846846846846 5
 0.47047047047047047 5
 0.47247247247247248 5
 0.47447447447447449 5
 0.47647647647647645 5
 0.47847847847847846 5
 0.48048048048048048 5
 0.48248248248248249 5
 0.4844844844844845 5
 0.48648648648648646 5
 0.48848848848848847 5
 0.49049049049049048 5
 0.4924924924924925 5
 0.49449449449449451 5
 0.49649649649649652 5
 0.49849849849849848 5
 0.50050050050050054 5
 0.5025025025025025 5
 0.50450450450450446 5
 0.50650650650650653 5
 0.50850850850850848 5
 0.51051051051051055 5
 0.51251251251251251 5
 0.51451451451451446 5
 0.51651651651651653 5
 0.51851851851851849 5
 0.52052052052052056 5
 0.52252252252252251 5
 0.52452452452452447 5
 0.52652652652652654 5
 0.5285285285285285 5
 0.53053053053053056 5
 0.53253253253253252 5
 0.53453453453453448 5
 0.53653653653653655 5
 0.5385385385385385 5
 0.54054054054054057 5
 0.54254254254254253 5
 0.54454454454454448 5
 0.54654654654654655 5
 0.54854854854854851 5
 0.55055055055055058 5
 0.55255255255255253 5
 0.5545545545545546 5
 0.55655655655655656 5
 0.55855855855855852 5
 0.56056056056056058 5
 0.56256256256256254 5
 0.56456456456456461 5
 0.56656656656656657 5
 0.56856856856856852 5
 0.57057057057057059 5
 0.57257257257257255 5
 0.57457457457457461 5
 0.57657657657657657 5
 0.57857857857857853 5
 0.5805805805805806 5
 0.58258258258258255 5
 0.58458458458458462 5
 0.58658658658658658 5
 0.58858858858858853 5
 0.5905905905905906 5
 0.59259259259259256 5
 0.59459459459459463 5
 0.59659659659659658 5
 0.59859859859859854 5
 0.60060060060060061 5
 0.60260260260260257 5
 0.60460460460460463 5
 0.60660660660660659 5
 0.60860860860860866 5
 0.61061061061061062 5
 0.61261261261261257 5
 0.61461461461461464 5
 0.6166166166166166 5
 0.61861861861861867 5
 0.62062062062062062 5
 0.62262262262262258 5
 0.62462462462462465 5
 0.6266266266266266 5
 0.62862862862862867 5
 0.63063063063063063 5
 0.63263263263263259 5
 0.63463463463463465 5
 0.63663663663663661 5
 0.63863863863863868 5
 0.64064064064064064 5
 0.64264264264264259 5
 0.64464464464464466 5
 0.64664664664664662 5
 0.64864864864864868 5
 0.65065065065065064 5
 0.6526526526526526 5
 0.65465465465465467 5
 0.65665665665665662 5
 0.65865865865865869 5
 0.66066066066066065 5
 0.6626626626626626 5
 0.66466466466466467 5
 0.66666666666666663 5
 0.6686686686686687 5
 0.67067067067067065 5
 0.67267267267267261 5
 0.67467467467467468 5
 0.67667667667667664 5
 0.6786786786786787 5
 0.68068068068068066 5
 0.68268268268268273 5
 0.68468468468468469 5
 0.68668668668668664 5
 0.68868868868868871 5
 0.69069069069069067 5
 0.69269269269269274 5
 0.69469469469469469 5
 0.69669669669669665 5
 0.69869869869869872 5
 0.70070070070070067 5
 0.70270270270270274 5
 0.7047047047047047 5
 0.70670670670670666 5
 0.70870870870870872 5
 0.71071071071071068 5
 0.71271271271271275 5
 0.71471471471471471 5
 0.71671671671671666 5
 0.71871871871871873 5
 0.72072072072072069 5
 0.72272272272272275 5
 0.72472472472472471 5
 0.72672672672672667 5
 0.72872872872872874 5
 0.73073073073073069 5
 0.73273273273273276 5
 0.73473473473473472 5
 0.73673673673673679 5
 0.73873873873873874 5
 0.7407407407407407 5
 0.74274274274274277 5
 0.74474474474474472 5
 0.74674674674674679 5
 0.74874874874874875 5
 0.75075075075075071 5
 0.75275275275275277 5
 0.75475475475475473 5
 0.7567567567567568 5
 0.75875875875875876 5
 0.76076076076076071 5
 0.76276276276276278 5
 0.76476476476476474 5
 0.76676676676676681 5
 0.76876876876876876 5
 0.77077077077077072 5
 0.77277277277277279 5
 0.77477477477477474 5
 0.77677677677677681 5
 0.77877877877877877 5
 0.78078078078078073 5
 0.78278278278278279 5
 0.78478478478478475 5
 0.78678678678678682 5
 0.78878878878878878 5
 0.79079079079079073 5
 0.7927927927927928 5
 0.79479479479479476 5
 0.79679679679679682 5
 0.79879879879879878 5
 0.80080080080080074 5
 0.80280280280280281 5
 0.80480480480480476 5
 0.80680680680680683 5
 0.80880880880880879 5
 0.81081081081081086 5
 0.81281281281281281 5
 0.81481481481481477 5
 0.81681681681681684 5
 0.81881881881881879 5
 0.82082082082082086 5
 0.82282282282282282 5
 0.82482482482482478 5
 0.82682682682682684 5
 0.8288288288288288 5
 0.83083083083083087 5
 0.83283283283283283 5
 0.83483483483483478 5
 0.83683683683683685 5
 0.83883883883883881 5
 0.84084084084084088 5
 0.84284284284284283 5
 0.84484484484484479 5
 0.84684684684684686 5
 0.84884884884884881 5
 0.85085085085085088 5
 0.85285285285285284 5
 0.8548548548548548 5
 0.85685685685685686 5
 0.85885885885885882 5
 0.86086086086086089 5
 0.86286286286286284 5
 0.86486486486486491 5
 0.86686686686686687 5
 0.86886886886886883 5
 0.87087087087087089 5
 0.87287287287287285 5
 0.87487487487487492 5
 0.87687687687687688 5
 0.87887887887887883 5
 0.8808808808808809 5
 0.88288288288288286 5
 0.88488488488488493 5
 0.88688688688688688 5
 0.88888888888888884 5
 0.89089089089089091 5
 0.89289289289289286 5
 0.89489489489489493 5
 0.89689689689689689 5
 0.89889889889889885 5
 0.90090090090090091 5
 0.90290290290290287 5
 0.90490490490490494 5
 0.9069069069069069 5
 0.90890890890890885 5
 0.91091091091091092 5
 0.91291291291291288 5
 0.91491491491491495 5
 0.9169169169169169 5
 0.91891891891891886 5
 0.92092092092092093 5
 0.92292292292292288 5
 0.92492492492492495 5
 0.92692692692692691 5
 0.92892892892892887 5
 0.93093093093093093 5
 0.93293293293293289 5
 0.93493493493493496 5
 0.93693693693693691 5
 0.93893893893893898 5
 0.94094094094094094 5
 0.9429429429429429 5
 0.94494494494494496 5
 0.94694694694694692 5
 0.94894894894894899 5
 0.95095095095095095 5
 0.9529529529529529 5
 0.95495495495495497 5
 0.95695695695695693 5
 0.958958958958959 5
 0.96096096096096095 5
 0.96296296296296291 5
 0.96496496496496498 5
 0.96696696696696693 5
 0.968968968968969 5
 0.97097097097097096 5
 0.97297297297297292 5
 0.97497497497497498 5
 0.97697697697697694 5
 0.97897897897897901 5
 0.98098098098098097 5
 0.98298298298298292 5
 0.98498498498498499 5
 0.98698698698698695 5
 0.98898898898898902 5
 0.99099099099099097 5
 0.99299299299299304 5
 0.994994994994995 5
 0.99699699699699695 5
 0.99899899899899902 5
 1.0010010010010011 -5
 1.003003003003003 -5
 1.005005005005005 -5
 1.007007007007007 -5
 1.0090090090090089 -5
 1.0110110110110111 -5
 1.0130130130130131 -5
 1.015015015015015 -5
 1.0170170170170172 -5
 1.0190190190190189 -5
 1.0210210210210211 -5
 1.0230230230230231 -5
 1.025025025025025 -5
 1.0270270270270272 -5
 1.0290290290290289 -5
 1.0310310310310311 -5
 1.0330330330330331 -5
 1.035035035035035 -5
 1.0370370370370372 -5
 1.0390390390390389 -5
 1.0410410410410411 -5
 1.0430430430430431 -5
 1.045045045045045 -5
 1.0470470470470472 -5
 1.0490490490490489 -5
 1.0510510510510511 -5
 1.0530530530530531 -5
 1.055055055055055 -5
 1.0570570570570572 -5
 1.0590590590590589 -5
 1.0610610610610611 -5
 1.0630630630630631 -5
 1.065065065065065 -5
 1.0670670670670672 -5
 1.069069069069069 -5
 1.0710710710710711 -5
 1.0730730730730731 -5
 1.075075075075075 -5
 1.0770770770770772 -5
 1.079079079079079 -5
 1.0810810810810811 -5
 1.0830830830830831 -5
 1.0850850850850851 -5
 1.0870870870870872 -5
 1.089089089089089 -5
 1.0910910910910911 -5
 1.0930930930930931 -5
 1.0950950950950951 -5
 1.0970970970970972 -5
 1.099099099099099 -5
 1.1011011011011012 -5
 1.1031031031031031 -5
 1.1051051051051051 -5
 1.1071071071071072 -5
 1.109109109109109 -5
 1.1111111111111112 -5
 1.1131131131131131 -5
 1.1151151151151151 -5
 1.1171171171171173 -5
 1.119119119119119 -5
 1.1211211211211212 -5
 1.1231231231231231 -5
 1.1251251251251251 -5
 1.1271271271271273 -5
 1.129129129129129 -5
 1.1311311311311312 -5
 1.1331331331331331 -5
 1.1351351351351351 -5
 1.1371371371371373 -5
 1.139139139139139 -5
 1.1411411411411412 -5
 1.1431431431431431 -5
 1.1451451451451451 -5
 1.1471471471471473 -5
 1.149149149149149 -5
 1.1511511511511512 -5
 1.1531531531531531 -5
 1.1551551551551551 -5
 1.1571571571571573 -5
 1.159159159159159 -5
 1.1611611611611612 -5
 1.1631631631631631 -5
 1.1651651651651651 -5
 1.1671671671671673 -5
 1.169169169169169 -5
 1.1711711711711712 -5
 1.1731731731731732 -5
 1.1751751751751751 -5
 1.1771771771771773 -5
 1.179179179179179 -5
 1.1811811811811812 -5
 1.1831831831831832 -5
 1.1851851851851851 -5
 1.1871871871871873 -5
 1.189189189189189 -5
 1.1911911911911912 -5
 1.1931931931931932 -5
 1.1951951951951951 -5
 1.1971971971971973 -5
 1.1991991991991993 -5
 1.2012012012012012 -5
 1.2032032032032032 -5
 1.2052052052052051 -5
 1.2072072072072073 -5
 1.2092092092092093 -5
 1.2112112112112112 -5
 1.2132132132132132 -5
 1.2152152152152151 -5
 1.2172172172172173 -5
 1.2192192192192193 -5
 1.2212212212212212 -5
 1.2232232232232232 -5
 1.2252252252252251 -5
 1.2272272272272273 -5
 1.2292292292292293 -5
 1.2312312312312312 -5
 1.2332332332332332 -5
 1.2352352352352352 -5
 1.2372372372372373 -5
 1.2392392392392393 -5
 1.2412412412412412 -5
 1.2432432432432432 -5
 1.2452452452452452 -5
 1.2472472472472473 -5
 1.2492492492492493 -5
 1.2512512512512513 -5
 1.2532532532532532 -5
 1.2552552552552552 -5
 1.2572572572572573 -5
 1.2592592592592593 -5
 1.2612612612612613 -5
 1.2632632632632632 -5
 1.2652652652652652 -5
 1.2672672672672673 -5
 1.2692692692692693 -5
 1.2712712712712713 -5
 1.2732732732732734 -5
 1.2752752752752752 -5
 1.2772772772772774 -5
 1.2792792792792793 -5
 1.2812812812812813 -5
 1.2832832832832834 -5
 1.2852852852852852 -5
 1.2872872872872874 -5
 1.2892892892892893 -5
 1.2912912912912913 -5
 1.2932932932932935 -5
 1.2952952952952952 -5
 1.2972972972972974 -5
 1.2992992992992993 -5
 1.3013013013013013 -5
 1.3033033033033035 -5
 1.3053053053053052 -5
 1.3073073073073074 -5
 1.3093093093093093 -5
 1.3113113113113113 -5
 1.3133133133133135 -5
 1.3153153153153152 -5
 1.3173173173173174 -5
 1.3193193193193193 -5
 1.3213213213213213 -5
 1.3233233233233235 -5
 1.3253253253253252 -5
 1.3273273273273274 -5
 1.3293293293293293 -5
 1.3313313313313313 -5
 1.3333333333333335 -5
 1.3353353353353352 -5
 1.3373373373373374 -5
 1.3393393393393394 -5
 1.3413413413413413 -5
 1.3433433433433435 -5
 1.3453453453453452 -5
 1.3473473473473474 -5
 1.3493493493493494 -5
 1.3513513513513513 -5
 1.3533533533533535 -5
 1.3553553553553552 -5
 1.3573573573573574 -5
 1.3593593593593594 -5
 1.3613613613613613 -5
 1.3633633633633635 -5
 1.3653653653653652 -5
 1.3673673673673674 -5
 1.3693693693693694 -5
 1.3713713713713713 -5
 1.3733733733733735 -5
 1.3753753753753752 -5
 1.3773773773773774 -5
 1.3793793793793794 -5
 1.3813813813813813 -5
 1.3833833833833835 -5
 1.3853853853853852 -5
 1.3873873873873874 -5
 1.3893893893893894 -5
 1.3913913913913913 -5
 1.3933933933933935 -5
 1.3953953953953953 -5
 1.3973973973973974 -5
 1.3993993993993994 -5
 1.4014014014014013 -5
 1.4034034034034035 -5
 1.4054054054054053 -5
 1.4074074074074074 -5
 1.4094094094094094 -5
 1.4114114114114114 -5
 1.4134134134134135 -5
 1.4154154154154153 -5
 1.4174174174174174 -5
 1.4194194194194194 -5
 1.4214214214214214 -5
 1.4234234234234235 -5
 1.4254254254254253 -5
 1.4274274274274275 -5
 1.4294294294294294 -5
 1.4314314314314314 -5
 1.4334334334334335 -5
 1.4354354354354353 -5
 1.4374374374374375 -5
 1.4394394394394394 -5
 1.4414414414414414 -5
 1.4434434434434436 -5
 1.4454454454454453 -5
 1.4474474474474475 -5
 1.4494494494494494 -5
 1.4514514514514514 -5
 1.4534534534534536 -5
 1.4554554554554555 -5
 1.4574574574574575 -5
 1.4594594594594594 -5
 1.4614614614614614 -5
 1.4634634634634636 -5
 1.4654654654654655 -5
 1.4674674674674675 -5
 1.4694694694694694 -5
 1.4714714714714714 -5
 1.4734734734734736 -5
 1.4754754754754755 -5
 1.4774774774774775 -5
 1.4794794794794794 -5
 1.4814814814814814 -5
 1.4834834834834836 -5
 1.4854854854854855 -5
 1.4874874874874875 -5
 1.4894894894894894 -5
 1.4914914914914914 -5
 1.4934934934934936 -5
 1.4954954954954955 -5
 1.4974974974974975 -5
 1.4994994994994995 -5
 1.5015015015015014 -5
 1.5035035035035036 -5
 1.5055055055055055 -5
 1.5075075075075075 -5
 1.5095095095095095 -5
 1.5115115115115114 -5
 1.5135135135135136 -5
 1.5155155155155156 -5
 1.5175175175175175 -5
 1.5195195195195195 -5
 1.5215215215215214 -5
 1.5235235235235236 -5
 1.5255255255255256 -5
 1.5275275275275275 -5
 1.5295295295295295 -5
 1.5315315315315314 -5
 1.5335335335335336 -5
 1.5355355355355356 -5
 1.5375375375375375 -5
 1.5395395395395395 -5
 1.5415415415415414 -5
 1.5435435435435436 -5
 1.5455455455455456 -5
 1.5475475475475475 -5
 1.5495495495495495 -5
 1.5515515515515514 -5
 1.5535535535535536 -5
 1.5555555555555556 -5
 1.5575575575575575 -5
 1.5595595595595595 -5
 1.5615615615615615 -5
 1.5635635635635636 -5
 1.5655655655655656 -5
 1.5675675675675675 -5
 1.5695695695695695 -5
 1.5715715715715715 -5
 1.5735735735735736 -5
 1.5755755755755756 -5
 1.5775775775775776 -5
 1.5795795795795795 -5
 1.5815815815815815 -5
 1.5835835835835836 -5
 1.5855855855855856 -5
 1.5875875875875876 -5
 1.5895895895895895 -5
 1.5915915915915915 -5
 1.5935935935935936 -5
 1.5955955955955956 -5
 1.5975975975975976 -5
 1.5995995995995997 -5
 1.6016016016016015 -5
 1.6036036036036037 -5
 1.6056056056056056 -5
 1.6076076076076076 -5
 1.6096096096096097 -5
 1.6116116116116115 -5
 1.6136136136136137 -5
 1.6156156156156156 -5
 1.6176176176176176 -5
 1.6196196196196198 -5
 1.6216216216216215 -5
 1.6236236236236237 -5
 1.6256256256256256 -5
 1.6276276276276276 -5
 1.6296296296296298 -5
 1.6316316316316315 -5
 1.6336336336336337 -5
 1.6356356356356356 -5
 1.6376376376376376 -5
 1.6396396396396398 -5
 1.6416416416416417 -5
 1.6436436436436437 -5
 1.6456456456456456 -5
 1.6476476476476476 -5
 1.6496496496496498 -5
 1.6516516516516517 -5
 1.6536536536536537 -5
 1.6556556556556556 -5
 1.6576576576576576 -5
 1.6596596596596598 -5
 1.6616616616616617 -5
 1.6636636636636637 -5
 1.6656656656656657 -5
 1.6676676676676676 -5
 1.6696696696696698 -5
 1.6716716716716717 -5
 1.6736736736736737 -5
 1.6756756756756757 -5
 1.6776776776776776 -5
 1.6796796796796798 -5
 1.6816816816816818 -5
 1.6836836836836837 -5
 1.6856856856856857 -5
 1.6876876876876876 -5
 1.6896896896896898 -5
 1.6916916916916918 -5
 1.6936936936936937 -5
 1.6956956956956957 -5
 1.6976976976976976 -5
 1.6996996996996998 -5
 1.7017017017017018 -5
 1.7037037037037037 -5
 1.7057057057057057 -5
 1.7077077077077076 -5
 1.7097097097097098 -5
 1.7117117117117118 -5
 1.7137137137137137 -5
 1.7157157157157157 -5
 1.7177177177177176 -5
 1.7197197197197198 -5
 1.7217217217217218 -5
 1.7237237237237237 -5
 1.7257257257257257 -5
 1.7277277277277276 -5
 1.7297297297297298 -5
 1.7317317317317318 -5
 1.7337337337337337 -5
 1.7357357357357357 -5
 1.7377377377377377 -5
 1.7397397397397398 -5
 1.7417417417417418 -5
 1.7437437437437437 -5
 1.7457457457457457 -5
 1.7477477477477477 -5
 1.7497497497497498 -5
 1.7517517517517518 -5
 1.7537537537537538 -5
 1.7557557557557557 -5
 1.7577577577577577 -5
 1.7597597597597598 -5
 1.7617617617617618 -5
 1.7637637637637638 -5
 1.7657657657657657 -5
 1.7677677677677677 -5
 1.7697697697697699 -5
 1.7717717717717718 -5
 1.7737737737737738 -5
 1.7757757757757757 -5
 1.7777777777777777 -5
 1.7797797797797799 -5
 1.7817817817817818 -5
 1.7837837837837838 -5
 1.7857857857857857 -5
 1.7877877877877877 -5
 1.7897897897897899 -5
 1.7917917917917918 -5
 1.7937937937937938 -5
 1.7957957957957957 -5
 1.7977977977977977 -5
 1.7997997997997999 -5
 1.8018018018018018 -5
 1.8038038038038038 -5
 1.8058058058058057 -5
 1.8078078078078077 -5
 1.8098098098098099 -5
 1.8118118118118118 -5
 1.8138138138138138 -5
 1.8158158158158157 -5
 1.8178178178178177 -5
 1.8198198198198199 -5
 1.8218218218218218 -5
 1.8238238238238238 -5
 1.8258258258258258 -5
 1.8278278278278277 -5
 1.8298298298298299 -5
 1.8318318318318318 -5
 1.8338338338338338 -5
 1.8358358358358358 -5
 1.8378378378378377 -5
 1.8398398398398399 -5
 1.8418418418418419 -5
 1.8438438438438438 -5
 1.8458458458458458 -5
 1.8478478478478477 -5
 1.8498498498498499 -5
 1.8518518518518519 -5
 1.8538538538538538 -5
 1.8558558558558558 -5
 1.857857857857858 -5
 1.8598598598598599 -5
 1.8618618618618619 -5
 1.8638638638638638 -5
 1.8658658658658658 -5
 1.867867867867868 -5
 1.8698698698698699 -5
 1.8718718718718719 -5
 1.8738738738738738 -5
 1.8758758758758758 -5
 1.877877877877878 -5
 1.8798798798798799 -5
 1.8818818818818819 -5
 1.8838838838838838 -5
 1.8858858858858858 -5
 1.887887887887888 -5
 1.8898898898898899 -5
 1.8918918918918919 -5
 1.8938938938938938 -5
 1.8958958958958958 -5
 1.897897897897898 -5
 1.8998998998998999 -5
 1.9019019019019019 -5
 1.9039039039039038 -5
 1.9059059059059058 -5
 1.907907907907908 -5
 1.9099099099099099 -5
 1.9119119119119119 -5
 1.9139139139139139 -5
 1.915915915915916 -5
 1.917917917917918 -5
 1.9199199199199199 -5
 1.9219219219219219 -5
 1.9239239239239239 -5
 1.925925925925926 -5
 1.927927927927928 -5
 1.92992992992993 -5
 1.9319319319319319 -5
 1.9339339339339339 -5
 1.935935935935936 -5
 1.937937937937938 -5
 1.93993993993994 -5
 1.9419419419419419 -5
 1.9439439439439439 -5
 1.9459459459459461 -5
 1.947947947947948 -5
 1.94994994994995 -5
 1.9519519519519519 -5
 1.9539539539539539 -5
 1.9559559559559561 -5
 1.957957957957958 -5
 1.95995995995996 -5
 1.9619619619619619 -5
 1.9639639639639639 -5
 1.9659659659659661 -5
 1.967967967967968 -5
 1.96996996996997 -5
 1.9719719719719719 -5
 1.9739739739739739 -5
 1.9759759759759761 -5
 1.977977977977978 -5
 1.97997997997998 -5
 1.9819819819819819 -5
 1.9839839839839839 -5
 1.9859859859859861 -5
 1.987987987987988 -5
 1.98998998998999 -5
 1.991991991991992 -5
 1.9939939939939939 -5
 1.9959959959959961 -5
 1.997997997997998 -5
 2 -5


