 0 5
 0.0020006668889629878 5
 0.0040013337779259755 5
 0.0060020006668889628 5
 0.008002667555851951 5
 0.010003334444814939 5
 0.012004001333777926 5
 0.014004668222740914 5
 0.016005335111703902 5
 0.01800600200066689 5
 0.020006668889629878 5
 0.022007335778592867 5
 0.024008002667555851 5
 0.02600866955651884 5
 0.028009336445481828 5
 0.030010003334444816 5
 0.032010670223407804 5
 0.034011337112370789 5
 0.036012004001333781 5
 0.038012670890296765 5
 0.040013337779259757 5
 0.042014004668222742 5
 0.044014671557185733 5
 0.046015338446148718 5
 0.048016005335111703 5
 0.050016672224074694 5
 0.052017339113037679 5
 0.054018006002000671 5
 0.056018672890963656 5
 0.058019339779926647 5
 0.060020006668889632 5
 0.062020673557852624 5
 0.064021340446815608 5
 0.066022007335778593 5
 0.068022674224741578 5
 0.070023341113704576 5
 0.072024008002667561 5
 0.074024674891630546 5
 0.076025341780593531 5
 0.078026008669556529 5
 0.080026675558519514 5
 0.082027342447482499 5
 0.084028009336445483 5
 0.086028676225408468 5
 0.088029343114371467 5
 0.090030010003334451 5
 0.092030676892297436 5
 0.094031343781260421 5
 0.096032010670223406 5
 0.098032677559186404 5
 0.10003334444814939 5
 0.10203401133711237 5
 0.10403467822607536 5
 0.10603534511503836 5
 0.10803601200400134 5
 0.11003667889296433 5
 0.11203734578192731 5
 0.1140380126708903 5
 0.11603867955985329 5
 0.11803934644881628 5
 0.12004001333777926 5
 0.12204068022674225 5
 0.12404134711570525 5
 0.12604201400466822 5
 0.12804268089363122 5
 0.13004334778259422 5
 0.13204401467155719 5
 0.13404468156052018 5
 0.13604534844948316 5
 0.13804601533844615 5
 0.14004668222740915 5
 0.14204734911637212 5
 0.14404801600533512 5
 0.14604868289429809 5
 0.14804934978326109 5
 0.15005001667222409 5
 0.15205068356118706 5
 0.15405135045015006 5
 0.15605201733911306 5
 0.15805268422807603 5
 0.16005335111703903 5
 0.162054018006002 5
 0.164054684894965 5
 0.166055351783928 5
 0.16805601867289097 5
 0.17005668556185397 5
 0.17205735245081694 5
 0.17405801933977993 5
 0.17605868622874293 5
 0.1780593531177059 5
 0.1800600200066689 5
 0.18206068689563187 5
 0.18406135378459487 5
 0.18606202067355787 5
 0.18806268756252084 5
 0.19006335445148384 5
 0.19206402134044681 5
 0.19406468822940981 5
 0.19606535511837281 5
 0.19806602200733578 5
 0.20006668889629878 5
 0.20206735578526178 5
 0.20406802267422475 5
 0.20606868956318775 5
 0.20806935645215072 5
 0.21007002334111372 5
 0.21207069023007671 5
 0.21407135711903968 5
 0.21607202400800268 5
 0.21807269089696565 5
 0.22007335778592865 5
 0.22207402467489165 5
 0.22407469156385462 5
 0.22607535845281762 5
 0.22807602534178059 5
 0.23007669223074359 5
 0.23207735911970659 5
 0.23407802600866956 5
 0.23607869289763256 5
 0.23807935978659556 5
 0.24008002667555853 5
 0.24208069356452153 5
 0.2440813604534845 5
 0.2460820273424475 5
 0.24808269423141049 5
 0.25008336112037349 5
 0.25208402800933644 5
 0.25408469489829943 5
 0.25608536178726243 5
 0.25808602867622543 5
 0.26008669556518843 5
 0.26208736245415137 5
 0.26408802934311437 5
 0.26608869623207737 5
 0.26808936312104037 5
 0.27009003001000337 5
 0.27209069689896631 5
 0.27409136378792931 5
 0.27609203067689231 5
 0.27809269756585531 5
 0.28009336445481831 5
 0.28209403134378125 5
 0.28409469823274425 5
 0.28609536512170725 5
 0.28809603201067024 5
 0.29009669889963324 5
 0.29209736578859619 5
 0.29409803267755918 5
 0.29609869956652218 5
 0.29809936645548518 5
 0.30010003334444818 5
 0.30210070023341118 5
 0.30410136712237412 5
 0.30610203401133712 5
 0.30810270090030012 5
 0.31010336778926312 5
 0.31210403467822612 5
 0.31410470156718906 5
 0.31610536845615206 5
 0.31810603534511506 5
 0.32010670223407806 5
 0.32210736912304105 5
 0.324108036012004 5
 0.326108702900967 5
 0.32810936978992999 5
 0.33011003667889299 5
 0.33211070356785599 5
 0.33411137045681893 5
 0.33611203734578193 5
 0.33811270423474493 5
 0.34011337112370793 5
 0.34211403801267093 5
 0.34411470490163387 5
 0.34611537179059687 5
 0.34811603867955987 5
 0.35011670556852287 5
 0.35211737245748587 5
 0.35411803934644881 5
 0.35611870623541181 5
 0.35811937312437481 5
 0.36012004001333781 5
 0.3621207069023008 5
 0.36412137379126375 5
 0.36612204068022675 5
 0.36812270756918974 5
 0.37012337445815274 5
 0.37212404134711574 5
 0.37412470823607868 5
 0.37612537512504168 5
 0.37812604201400468 5
 0.38012670890296768 5
 0.38212737579193068 5
 0.38412804268089362 5
 0.38612870956985662 5
 0.38812937645881962 5
 0.39013004334778262 5
 0.39213071023674562 5
 0.39413137712570862 5
 0.39613204401467156 5
 0.39813271090363456 5
 0.40013337779259756 5
 0.40213404468156055 5
 0.40413471157052355 5
 0.4061353784594865 5
 0.40813604534844949 5
 0.41013671223741249 5
 0.41213737912637549 5
 0.41413804601533849 5
 0.41613871290430143 5
 0.41813937979326443 5
 0.42014004668222743 5
 0.42214071357119043 5
 0.42414138046015343 5
 0.42614204734911637 5
 0.42814271423807937 5
 0.43014338112704237 5
 0.43214404801600537 5
 0.43414471490496837 5
 0.43614538179393131 5
 0.43814604868289431 5
 0.44014671557185731 5
 0.4421473824608203 5
 0.4441480493497833 5
 0.44614871623874625 5
 0.44814938312770924 5
 0.45015005001667224 5
 0.45215071690563524 5
 0.45415138379459824 5
 0.45615205068356118 5
 0.45815271757252418 5
 0.46015338446148718 5
 0.46215405135045018 5
 0.46415471823941318 5
 0.46615538512837612 5
 0.46815605201733912 5
 0.47015671890630212 5
 0.47215738579526512 5
 0.47415805268422812 5
 0.47615871957319111 5
 0.47815938646215406 5
 0.48016005335111706 5
 0.48216072024008005 5
 0.48416138712904305 5
 0.48616205401800605 5
 0.48816272090696899 5
 0.49016338779593199 5
 0.49216405468489499 5
 0.49416472157385799 5
 0.49616538846282099 5
 0.49816605535178393 5
 0.50016672224074699 5
 0.50216738912970993 5
 0.50416805601867287 5
 0.50616872290763593 5
 0.50816938979659887 5
 0.51017005668556192 5
 0.51217072357452487 5
 0.51417139046348781 5
 0.51617205735245086 5
 0.51817272424141381 5
 0.52017339113037686 5
 0.5221740580193398 5
 0.52417472490830275 5
 0.5261753917972658 5
 0.52817605868622874 5
 0.5301767255751918 5
 0.53217739246415474 5
 0.53417805935311768 5
 0.53617872624208074 5
 0.53817939313104368 5
 0.54018006002000674 5
 0.54218072690896968 5
 0.54418139379793262 5
 0.54618206068689568 5
 0.54818272757585862 5
 0.55018339446482167 5
 0.55218406135378462 5
 0.55418472824274756 5
 0.55618539513171061 5
 0.55818606202067356 5
 0.56018672890963661 5
 0.56218739579859955 5
 0.5641880626875625 5
 0.56618872957652555 5
 0.56818939646548849 5
 0.57019006335445155 5
 0.57219073024341449 5
 0.57419139713237743 5
 0.57619206402134049 5
 0.57819273091030343 5
 0.58019339779926649 5
 0.58219406468822943 5
 0.58419473157719237 5
 0.58619539846615543 5
 0.58819606535511837 5
 0.59019673224408142 5
 0.59219739913304437 5
 0.59419806602200731 5
 0.59619873291097036 5
 0.59819939979993331 5
 0.60020006668889636 5
 0.6022007335778593 5
 0.60420140046682236 5
 0.6062020673557853 5
 0.60820273424474824 5
 0.6102034011337113 5
 0.61220406802267424 5
 0.6142047349116373 5
 0.61620540180060024 5
 0.61820606868956318 5
 0.62020673557852624 5
 0.62220740246748918 5
 0.62420806935645223 5
 0.62620873624541518 5
 0.62820940313437812 5
 0.63021007002334117 5
 0.63221073691230412 5
 0.63421140380126717 5
 0.63621207069023011 5
 0.63821273757919306 5
 0.64021340446815611 5
 0.64221407135711905 5
 0.64421473824608211 5
 0.64621540513504505 5
 0.64821607202400799 5
 0.65021673891297105 5
 0.65221740580193399 5
 0.65421807269089705 5
 0.65621873957985999 5
 0.65821940646882293 5
 0.66022007335778599 5
 0.66222074024674893 5
 0.66422140713571198 5
 0.66622207402467493 5
 0.66822274091363787 5
 0.67022340780260092 5
 0.67222407469156387 5
 0.67422474158052692 5
 0.67622540846948986 5
 0.67822607535845281 5
 0.68022674224741586 5
 0.6822274091363788 5
 0.68422807602534186 5
 0.6862287429143048 5
 0.68822940980326774 5
 0.6902300766922308 5
 0.69223074358119374 5
 0.6942314104701568 5
 0.69623207735911974 5
 0.69823274424808268 5
 0.70023341113704574 5
 0.70223407802600868 5
 0.70423474491497173 5
 0.70623541180393468 5
 0.70823607869289762 5
 0.71023674558186067 5
 0.71223741247082362 5
 0.71423807935978667 5
 0.71623874624874961 5
 0.71823941313771256 5
 0.72024008002667561 5
 0.72224074691563855 5
 0.72424141380460161 5
 0.72624208069356455 5
 0.72824274758252749 5
 0.73024341447149055 5
 0.73224408136045349 5
 0.73424474824941655 5
 0.73624541513837949 5
 0.73824608202734243 5
 0.74024674891630549 5
 0.74224741580526843 5
 0.74424808269423148 5
 0.74624874958319443 5
 0.74824941647215737 5
 0.75025008336112042 5
 0.75225075025008337 5
 0.75425141713904642 5
 0.75625208402800936 5
 0.75825275091697231 5
 0.76025341780593536 5
 0.7622540846948983 5
 0.76425475158386136 5
 0.7662554184728243 5
 0.76825608536178724 5
 0.7702567522507503 5
 0.77225741913971324 5
 0.7742580860286763 5
 0.77625875291763924 5
 0.77825941980660229 5
 0.78026008669556524 5
 0.78226075358452818 5
 0.78426142047349123 5
 0.78626208736245418 5
 0.78826275425141723 5
 0.79026342114038017 5
 0.79226408802934312 5
 0.79426475491830617 5
 0.79626542180726911 5
 0.79826608869623217 5
 0.80026675558519511 5
 0.80226742247415805 5
 0.80426808936312111 5
 0.80626875625208405 5
 0.80826942314104711 5
 0.81027009003001005 5
 0.81227075691897299 5
 0.81427142380793605 5
 0.81627209069689899 5
 0.81827275758586204 5
 0.82027342447482499 5
 0.82227409136378793 5
 0.82427475825275098 5
 0.82627542514171393 5
 0.82827609203067698 5
 0.83027675891963992 5
 0.83227742580860287 5
 0.83427809269756592 5
 0.83627875958652886 5
 0.83827942647549192 5
 0.84028009336445486 5
 0.8422807602534178 5
 0.84428142714238086 5
 0.8462820940313438 5
 0.84828276092030686 5
 0.8502834278092698 5
 0.85228409469823274 5
 0.8542847615871958 5
 0.85628542847615874 5
 0.85828609536512179 5
 0.86028676225408474 5
 0.86228742914304768 5
 0.86428809603201073 5
 0.86628876292097368 5
 0.86828942980993673 5
 0.87029009669889967 5
 0.87229076358786262 5
 0.87429143047682567 5
 0.87629209736578861 5
 0.87829276425475167 5
 0.88029343114371461 5
 0.88229409803267755 5
 0.88429476492164061 5
 0.88629543181060355 5
 0.88829609869956661 5
 0.89029676558852955 5
 0.89229743247749249 5
 0.89429809936645555 5
 0.89629876625541849 5
 0.89829943314438154 5
 0.90030010003334449 5
 0.90230076692230743 5
 0.90430143381127048 5
 0.90630210070023343 5
 0.90830276758919648 5
 0.91030343447815942 5
 0.91230410136712237 5
 0.91430476825608542 5
 0.91630543514504836 5
 0.91830610203401142 5
 0.92030676892297436 5
 0.9223074358119373 5
 0.92430810270090036 5
 0.9263087695898633 5
 0.92830943647882636 5
 0.9303101033677893 5
 0.93231077025675224 5
 0.9343114371457153 5
 0.93631210403467824 5
 0.93831277092364129 5
 0.94031343781260424 5
 0.94231410470156729 5
 0.94431477159053023 5
 0.94631543847949318 5
 0.94831610536845623 5
 0.95031677225741917 5
 0.95231743914638223 5
 0.95431810603534517 5
 0.95631877292430811 5
 0.95831943981327117 5
 0.96032010670223411 5
 0.96232077359119716 5
 0.96432144048016011 5
 0.96632210736912305 5
 0.96832277425808611 5
 0.97032344114704905 5
 0.9723241080360121 5
 0.97432477492497505 5
 0.97632544181393799 5
 0.97832610870290104 5
 0.98032677559186399 5
 0.98232744248082704 5
 0.98432810936978998 5
 0.98632877625875293 5
 0.98832944314771598 5
 0.99033011003667892 5
 0.99233077692564198 5
 0.99433144381460492 5
 0.99633211070356786 5
 0.99833277759253092 5
 1.000333444481494 -5
 1.0023341113704569 -5
 1.0043347782594199 -5
 1.0063354451483828 -5
 1.0083361120373457 -5
 1.0103367789263089 -5
 1.0123374458152719 -5
 1.0143381127042348 -5
 1.0163387795931977 -5
 1.0183394464821607 -5
 1.0203401133711238 -5
 1.0223407802600868 -5
 1.0243414471490497 -5
 1.0263421140380127 -5
 1.0283427809269756 -5
 1.0303434478159388 -5
 1.0323441147049017 -5
 1.0343447815938647 -5
 1.0363454484828276 -5
 1.0383461153717906 -5
 1.0403467822607537 -5
 1.0423474491497167 -5
 1.0443481160386796 -5
 1.0463487829276426 -5
 1.0483494498166055 -5
 1.0503501167055687 -5
 1.0523507835945316 -5
 1.0543514504834945 -5
 1.0563521173724575 -5
 1.0583527842614204 -5
 1.0603534511503836 -5
 1.0623541180393465 -5
 1.0643547849283095 -5
 1.0663554518172724 -5
 1.0683561187062354 -5
 1.0703567855951985 -5
 1.0723574524841615 -5
 1.0743581193731244 -5
 1.0763587862620874 -5
 1.0783594531510503 -5
 1.0803601200400135 -5
 1.0823607869289764 -5
 1.0843614538179394 -5
 1.0863621207069023 -5
 1.0883627875958652 -5
 1.0903634544848284 -5
 1.0923641213737914 -5
 1.0943647882627543 -5
 1.0963654551517172 -5
 1.0983661220406802 -5
 1.1003667889296433 -5
 1.1023674558186063 -5
 1.1043681227075692 -5
 1.1063687895965322 -5
 1.1083694564854951 -5
 1.1103701233744583 -5
 1.1123707902634212 -5
 1.1143714571523842 -5
 1.1163721240413471 -5
 1.1183727909303101 -5
 1.1203734578192732 -5
 1.1223741247082362 -5
 1.1243747915971991 -5
 1.1263754584861621 -5
 1.128376125375125 -5
 1.1303767922640882 -5
 1.1323774591530511 -5
 1.134378126042014 -5
 1.136378792930977 -5
 1.1383794598199399 -5
 1.1403801267089031 -5
 1.142380793597866 -5
 1.144381460486829 -5
 1.1463821273757919 -5
 1.1483827942647549 -5
 1.150383461153718 -5
 1.152384128042681 -5
 1.1543847949316439 -5
 1.1563854618206069 -5
 1.1583861287095698 -5
 1.160386795598533 -5
 1.1623874624874959 -5
 1.1643881293764589 -5
 1.1663887962654218 -5
 1.1683894631543847 -5
 1.1703901300433479 -5
 1.1723907969323109 -5
 1.1743914638212738 -5
 1.1763921307102367 -5
 1.1783927975991997 -5
 1.1803934644881628 -5
 1.1823941313771258 -5
 1.1843947982660887 -5
 1.1863954651550517 -5
 1.1883961320440146 -5
 1.1903967989329778 -5
 1.1923974658219407 -5
 1.1943981327109037 -5
 1.1963987995998666 -5
 1.1983994664888298 -5
 1.2004001333777927 -5
 1.2024008002667557 -5
 1.2044014671557186 -5
 1.2064021340446816 -5
 1.2084028009336447 -5
 1.2104034678226077 -5
 1.2124041347115706 -5
 1.2144048016005335 -5
 1.2164054684894965 -5
 1.2184061353784597 -5
 1.2204068022674226 -5
 1.2224074691563855 -5
 1.2244081360453485 -5
 1.2264088029343114 -5
 1.2284094698232746 -5
 1.2304101367122375 -5
 1.2324108036012005 -5
 1.2344114704901634 -5
 1.2364121373791264 -5
 1.2384128042680895 -5
 1.2404134711570525 -5
 1.2424141380460154 -5
 1.2444148049349784 -5
 1.2464154718239413 -5
 1.2484161387129045 -5
 1.2504168056018674 -5
 1.2524174724908304 -5
 1.2544181393797933 -5
 1.2564188062687562 -5
 1.2584194731577194 -5
 1.2604201400466823 -5
 1.2624208069356453 -5
 1.2644214738246082 -5
 1.2664221407135712 -5
 1.2684228076025343 -5
 1.2704234744914973 -5
 1.2724241413804602 -5
 1.2744248082694232 -5
 1.2764254751583861 -5
 1.2784261420473493 -5
 1.2804268089363122 -5
 1.2824274758252752 -5
 1.2844281427142381 -5
 1.2864288096032011 -5
 1.2884294764921642 -5
 1.2904301433811272 -5
 1.2924308102700901 -5
 1.294431477159053 -5
 1.296432144048016 -5
 1.2984328109369792 -5
 1.3004334778259421 -5
 1.302434144714905 -5
 1.304434811603868 -5
 1.3064354784928309 -5
 1.3084361453817941 -5
 1.310436812270757 -5
 1.31243747915972 -5
 1.3144381460486829 -5
 1.3164388129376459 -5
 1.318439479826609 -5
 1.320440146715572 -5
 1.3224408136045349 -5
 1.3244414804934979 -5
 1.3264421473824608 -5
 1.328442814271424 -5
 1.3304434811603869 -5
 1.3324441480493499 -5
 1.3344448149383128 -5
 1.3364454818272757 -5
 1.3384461487162389 -5
 1.3404468156052018 -5
 1.3424474824941648 -5
 1.3444481493831277 -5
 1.3464488162720907 -5
 1.3484494831610538 -5
 1.3504501500500168 -5
 1.3524508169389797 -5
 1.3544514838279427 -5
 1.3564521507169056 -5
 1.3584528176058688 -5
 1.3604534844948317 -5
 1.3624541513837947 -5
 1.3644548182727576 -5
 1.3664554851617206 -5
 1.3684561520506837 -5
 1.3704568189396467 -5
 1.3724574858286096 -5
 1.3744581527175725 -5
 1.3764588196065355 -5
 1.3784594864954987 -5
 1.3804601533844616 -5
 1.3824608202734245 -5
 1.3844614871623875 -5
 1.3864621540513504 -5
 1.3884628209403136 -5
 1.3904634878292765 -5
 1.3924641547182395 -5
 1.3944648216072024 -5
 1.3964654884961654 -5
 1.3984661553851285 -5
 1.4004668222740915 -5
 1.4024674891630544 -5
 1.4044681560520174 -5
 1.4064688229409803 -5
 1.4084694898299435 -5
 1.4104701567189064 -5
 1.4124708236078694 -5
 1.4144714904968323 -5
 1.4164721573857952 -5
 1.4184728242747584 -5
 1.4204734911637213 -5
 1.4224741580526843 -5
 1.4244748249416472 -5
 1.4264754918306102 -5
 1.4284761587195733 -5
 1.4304768256085363 -5
 1.4324774924974992 -5
 1.4344781593864622 -5
 1.4364788262754251 -5
 1.4384794931643883 -5
 1.4404801600533512 -5
 1.4424808269423142 -5
 1.4444814938312771 -5
 1.4464821607202401 -5
 1.4484828276092032 -5
 1.4504834944981662 -5
 1.4524841613871291 -5
 1.454484828276092 -5
 1.456485495165055 -5
 1.4584861620540182 -5
 1.4604868289429811 -5
 1.462487495831944 -5
 1.464488162720907 -5
 1.4664888296098699 -5
 1.4684894964988331 -5
 1.470490163387796 -5
 1.472490830276759 -5
 1.4744914971657219 -5
 1.4764921640546849 -5
 1.478492830943648 -5
 1.480493497832611 -5
 1.4824941647215739 -5
 1.4844948316105369 -5
 1.4864954984994998 -5
 1.488496165388463 -5
 1.4904968322774259 -5
 1.4924974991663889 -5
 1.4944981660553518 -5
 1.4964988329443147 -5
 1.4984994998332779 -5
 1.5005001667222408 -5
 1.5025008336112038 -5
 1.5045015005001667 -5
 1.5065021673891297 -5
 1.5085028342780928 -5
 1.5105035011670558 -5
 1.5125041680560187 -5
 1.5145048349449817 -5
 1.5165055018339446 -5
 1.5185061687229078 -5
 1.5205068356118707 -5
 1.5225075025008337 -5
 1.5245081693897966 -5
 1.5265088362787596 -5
 1.5285095031677227 -5
 1.5305101700566857 -5
 1.5325108369456486 -5
 1.5345115038346115 -5
 1.5365121707235745 -5
 1.5385128376125377 -5
 1.5405135045015006 -5
 1.5425141713904635 -5
 1.5445148382794265 -5
 1.5465155051683896 -5
 1.5485161720573526 -5
 1.5505168389463155 -5
 1.5525175058352785 -5
 1.5545181727242414 -5
 1.5565188396132046 -5
 1.5585195065021675 -5
 1.5605201733911305 -5
 1.5625208402800934 -5
 1.5645215071690564 -5
 1.5665221740580195 -5
 1.5685228409469825 -5
 1.5705235078359454 -5
 1.5725241747249084 -5
 1.5745248416138713 -5
 1.5765255085028345 -5
 1.5785261753917974 -5
 1.5805268422807603 -5
 1.5825275091697233 -5
 1.5845281760586862 -5
 1.5865288429476494 -5
 1.5885295098366123 -5
 1.5905301767255753 -5
 1.5925308436145382 -5
 1.5945315105035012 -5
 1.5965321773924643 -5
 1.5985328442814273 -5
 1.6005335111703902 -5
 1.6025341780593532 -5
 1.6045348449483161 -5
 1.6065355118372793 -5
 1.6085361787262422 -5
 1.6105368456152052 -5
 1.6125375125041681 -5
 1.614538179393131 -5
 1.6165388462820942 -5
 1.6185395131710572 -5
 1.6205401800600201 -5
 1.622540846948983 -5
 1.624541513837946 -5
 1.6265421807269091 -5
 1.6285428476158721 -5
 1.630543514504835 -5
 1.632544181393798 -5
 1.6345448482827609 -5
 1.6365455151717241 -5
 1.638546182060687 -5
 1.64054684894965 -5
 1.6425475158386129 -5
 1.6445481827275759 -5
 1.646548849616539 -5
 1.648549516505502 -5
 1.6505501833944649 -5
 1.6525508502834279 -5
 1.6545515171723908 -5
 1.656552184061354 -5
 1.6585528509503169 -5
 1.6605535178392798 -5
 1.6625541847282428 -5
 1.6645548516172057 -5
 1.6665555185061689 -5
 1.6685561853951318 -5
 1.6705568522840948 -5
 1.6725575191730577 -5
 1.6745581860620207 -5
 1.6765588529509838 -5
 1.6785595198399468 -5
 1.6805601867289097 -5
 1.6825608536178727 -5
 1.6845615205068356 -5
 1.6865621873957988 -5
 1.6885628542847617 -5
 1.6905635211737247 -5
 1.6925641880626876 -5
 1.6945648549516505 -5
 1.6965655218406137 -5
 1.6985661887295767 -5
 1.7005668556185396 -5
 1.7025675225075025 -5
 1.7045681893964655 -5
 1.7065688562854286 -5
 1.7085695231743916 -5
 1.7105701900633545 -5
 1.7125708569523175 -5
 1.7145715238412804 -5
 1.7165721907302436 -5
 1.7185728576192065 -5
 1.7205735245081695 -5
 1.7225741913971324 -5
 1.7245748582860954 -5
 1.7265755251750585 -5
 1.7285761920640215 -5
 1.7305768589529844 -5
 1.7325775258419474 -5
 1.7345781927309103 -5
 1.7365788596198735 -5
 1.7385795265088364 -5
 1.7405801933977993 -5
 1.7425808602867623 -5
 1.7445815271757252 -5
 1.7465821940646884 -5
 1.7485828609536513 -5
 1.7505835278426143 -5
 1.7525841947315772 -5
 1.7545848616205402 -5
 1.7565855285095033 -5
 1.7585861953984663 -5
 1.7605868622874292 -5
 1.7625875291763922 -5
 1.7645881960653551 -5
 1.7665888629543183 -5
 1.7685895298432812 -5
 1.7705901967322442 -5
 1.7725908636212071 -5
 1.77459153051017 -5
 1.7765921973991332 -5
 1.7785928642880962 -5
 1.7805935311770591 -5
 1.782594198066022 -5
 1.784594864954985 -5
 1.7865955318439481 -5
 1.7885961987329111 -5
 1.790596865621874 -5
 1.792597532510837 -5
 1.7945981993997999 -5
 1.7965988662887631 -5
 1.798599533177726 -5
 1.800600200066689 -5
 1.8026008669556519 -5
 1.8046015338446149 -5
 1.806602200733578 -5
 1.808602867622541 -5
 1.8106035345115039 -5
 1.8126042014004669 -5
 1.8146048682894298 -5
 1.816605535178393 -5
 1.8186062020673559 -5
 1.8206068689563188 -5
 1.8226075358452818 -5
 1.8246082027342447 -5
 1.8266088696232079 -5
 1.8286095365121708 -5
 1.8306102034011338 -5
 1.8326108702900967 -5
 1.8346115371790597 -5
 1.8366122040680228 -5
 1.8386128709569858 -5
 1.8406135378459487 -5
 1.8426142047349117 -5
 1.8446148716238746 -5
 1.8466155385128378 -5
 1.8486162054018007 -5
 1.8506168722907637 -5
 1.8526175391797266 -5
 1.8546182060686895 -5
 1.8566188729576527 -5
 1.8586195398466157 -5
 1.8606202067355786 -5
 1.8626208736245415 -5
 1.8646215405135045 -5
 1.8666222074024676 -5
 1.8686228742914306 -5
 1.8706235411803935 -5
 1.8726242080693565 -5
 1.8746248749583194 -5
 1.8766255418472826 -5
 1.8786262087362455 -5
 1.8806268756252085 -5
 1.8826275425141714 -5
 1.8846282094031346 -5
 1.8866288762920975 -5
 1.8886295431810605 -5
 1.8906302100700234 -5
 1.8926308769589864 -5
 1.8946315438479495 -5
 1.8966322107369125 -5
 1.8986328776258754 -5
 1.9006335445148383 -5
 1.9026342114038013 -5
 1.9046348782927645 -5
 1.9066355451817274 -5
 1.9086362120706903 -5
 1.9106368789596533 -5
 1.9126375458486162 -5
 1.9146382127375794 -5
 1.9166388796265423 -5
 1.9186395465155053 -5
 1.9206402134044682 -5
 1.9226408802934312 -5
 1.9246415471823943 -5
 1.9266422140713573 -5
 1.9286428809603202 -5
 1.9306435478492832 -5
 1.9326442147382461 -5
 1.9346448816272093 -5
 1.9366455485161722 -5
 1.9386462154051352 -5
 1.9406468822940981 -5
 1.942647549183061 -5
 1.9446482160720242 -5
 1.9466488829609871 -5
 1.9486495498499501 -5
 1.950650216738913 -5
 1.952650883627876 -5
 1.9546515505168391 -5
 1.9566522174058021 -5
 1.958652884294765 -5
 1.960653551183728 -5
 1.9626542180726909 -5
 1.9646548849616541 -5
 1.966655551850617 -5
 1.96865621873958 -5
 1.9706568856285429 -5
 1.9726575525175059 -5
 1.974658219406469 -5
 1.976658886295432 -5
 1.9786595531843949 -5
 1.9806602200733578 -5
 1.9826608869623208 -5
 1.984661553851284 -5
 1.9866622207402469 -5
 1.9886628876292098 -5
 1.9906635545181728 -5
 1.9926642214071357 -5
 1.9946648882960989 -5
 1.9966655551850618 -5
 1.9986662220740248 -5
 2.0006668889629879 5
 2.0026675558519509 5
 2.0046682227409138 5
 2.0066688896298768 5
 2.0086695565188397 5
 2.0106702234078027 5
 2.0126708902967656 5
 2.0146715571857285 5
 2.0166722240746915 5
 2.0186728909636544 5
 2.0206735578526178 5
 2.0226742247415808 5
 2.0246748916305437 5
 2.0266755585195066 5
 2.0286762254084696 5
 2.0306768922974325 5
 2.0326775591863955 5
 2.0346782260753584 5
 2.0366788929643214 5
 2.0386795598532843 5
 2.0406802267422477 5
 2.0426808936312106 5
 2.0446815605201736 5
 2.0466822274091365 5
 2.0486828942980995 5
 2.0506835611870624 5
 2.0526842280760254 5
 2.0546848949649883 5
 2.0566855618539512 5
 2.0586862287429146 5
 2.0606868956318776 5
 2.0626875625208405 5
 2.0646882294098035 5
 2.0666888962987664 5
 2.0686895631877293 5
 2.0706902300766923 5
 2.0726908969656552 5
 2.0746915638546182 5
 2.0766922307435811 5
 2.0786928976325445 5
 2.0806935645215074 5
 2.0826942314104704 5
 2.0846948982994333 5
 2.0866955651883963 5
 2.0886962320773592 5
 2.0906968989663222 5
 2.0926975658552851 5
 2.094698232744248 5
 2.096698899633211 5
 2.0986995665221744 5
 2.1007002334111373 5
 2.1027009003001003 5
 2.1047015671890632 5
 2.1067022340780261 5
 2.1087029009669891 5
 2.110703567855952 5
 2.112704234744915 5
 2.1147049016338779 5
 2.1167055685228409 5
 2.1187062354118043 5
 2.1207069023007672 5
 2.1227075691897301 5
 2.1247082360786931 5
 2.126708902967656 5
 2.128709569856619 5
 2.1307102367455819 5
 2.1327109036345449 5
 2.1347115705235078 5
 2.1367122374124707 5
 2.1387129043014341 5
 2.1407135711903971 5
 2.14271423807936 5
 2.144714904968323 5
 2.1467155718572859 5
 2.1487162387462488 5
 2.1507169056352118 5
 2.1527175725241747 5
 2.1547182394131377 5
 2.1567189063021006 5
 2.158719573191064 5
 2.1607202400800269 5
 2.1627209069689899 5
 2.1647215738579528 5
 2.1667222407469158 5
 2.1687229076358787 5
 2.1707235745248417 5
 2.1727242414138046 5
 2.1747249083027675 5
 2.1767255751917305 5
 2.1787262420806939 5
 2.1807269089696568 5
 2.1827275758586198 5
 2.1847282427475827 5
 2.1867289096365456 5
 2.1887295765255086 5
 2.1907302434144715 5
 2.1927309103034345 5
 2.1947315771923974 5
 2.1967322440813604 5
 2.1987329109703238 5
 2.2007335778592867 5
 2.2027342447482496 5
 2.2047349116372126 5
 2.2067355785261755 5
 2.2087362454151385 5
 2.2107369123041014 5
 2.2127375791930644 5
 2.2147382460820273 5
 2.2167389129709902 5
 2.2187395798599536 5
 2.2207402467489166 5
 2.2227409136378795 5
 2.2247415805268425 5
 2.2267422474158054 5
 2.2287429143047683 5
 2.2307435811937313 5
 2.2327442480826942 5
 2.2347449149716572 5
 2.2367455818606201 5
 2.2387462487495835 5
 2.2407469156385464 5
 2.2427475825275094 5
 2.2447482494164723 5
 2.2467489163054353 5
 2.2487495831943982 5
 2.2507502500833612 5
 2.2527509169723241 5
 2.254751583861287 5
 2.25675225075025 5
 2.2587529176392134 5
 2.2607535845281763 5
 2.2627542514171393 5
 2.2647549183061022 5
 2.2667555851950651 5
 2.2687562520840281 5
 2.270756918972991 5
 2.272757585861954 5
 2.2747582527509169 5
 2.2767589196398799 5
 2.2787595865288433 5
 2.2807602534178062 5
 2.2827609203067691 5
 2.2847615871957321 5
 2.286762254084695 5
 2.288762920973658 5
 2.2907635878626209 5
 2.2927642547515839 5
 2.2947649216405468 5
 2.2967655885295097 5
 2.2987662554184731 5
 2.3007669223074361 5
 2.302767589196399 5
 2.304768256085362 5
 2.3067689229743249 5
 2.3087695898632878 5
 2.3107702567522508 5
 2.3127709236412137 5
 2.3147715905301767 5
 2.3167722574191396 5
 2.318772924308103 5
 2.3207735911970659 5
 2.3227742580860289 5
 2.3247749249749918 5
 2.3267755918639548 5
 2.3287762587529177 5
 2.3307769256418807 5
 2.3327775925308436 5
 2.3347782594198065 5
 2.3367789263087695 5
 2.3387795931977329 5
 2.3407802600866958 5
 2.3427809269756588 5
 2.3447815938646217 5
 2.3467822607535846 5
 2.3487829276425476 5
 2.3507835945315105 5
 2.3527842614204735 5
 2.3547849283094364 5
 2.3567855951983994 5
 2.3587862620873628 5
 2.3607869289763257 5
 2.3627875958652886 5
 2.3647882627542516 5
 2.3667889296432145 5
 2.3687895965321775 5
 2.3707902634211404 5
 2.3727909303101034 5
 2.3747915971990663 5
 2.3767922640880292 5
 2.3787929309769926 5
 2.3807935978659556 5
 2.3827942647549185 5
 2.3847949316438815 5
 2.3867955985328444 5
 2.3887962654218073 5
 2.3907969323107703 5
 2.3927975991997332 5
 2.3947982660886962 5
 2.3967989329776596 5
 2.3987995998666225 5
 2.4008002667555854 5
 2.4028009336445484 5
 2.4048016005335113 5
 2.4068022674224743 5
 2.4088029343114372 5
 2.4108036012004002 5
 2.4128042680893631 5
 2.414804934978326 5
 2.4168056018672894 5
 2.4188062687562524 5
 2.4208069356452153 5
 2.4228076025341783 5
 2.4248082694231412 5
 2.4268089363121041 5
 2.4288096032010671 5
 2.43081027009003 5
 2.432810936978993 5
 2.4348116038679559 5
 2.4368122707569193 5
 2.4388129376458823 5
 2.4408136045348452 5
 2.4428142714238081 5
 2.4448149383127711 5
 2.446815605201734 5
 2.448816272090697 5
 2.4508169389796599 5
 2.4528176058686229 5
 2.4548182727575858 5
 2.4568189396465492 5
 2.4588196065355121 5
 2.4608202734244751 5
 2.462820940313438 5
 2.464821607202401 5
 2.4668222740913639 5
 2.4688229409803268 5
 2.4708236078692898 5
 2.4728242747582527 5
 2.4748249416472157 5
 2.4768256085361791 5
 2.478826275425142 5
 2.4808269423141049 5
 2.4828276092030679 5
 2.4848282760920308 5
 2.4868289429809938 5
 2.4888296098699567 5
 2.4908302767589197 5
 2.4928309436478826 5
 2.4948316105368455 5
 2.4968322774258089 5
 2.4988329443147719 5
 2.5008336112037348 5
 2.5028342780926978 5
 2.5048349449816607 5
 2.5068356118706236 5
 2.5088362787595866 5
 2.5108369456485495 5
 2.5128376125375125 5
 2.5148382794264754 5
 2.5168389463154388 5
 2.5188396132044018 5
 2.5208402800933647 5
 2.5228409469823276 5
 2.5248416138712906 5
 2.5268422807602535 5
 2.5288429476492165 5
 2.5308436145381794 5
 2.5328442814271424 5
 2.5348449483161053 5
 2.5368456152050687 5
 2.5388462820940316 5
 2.5408469489829946 5
 2.5428476158719575 5
 2.5448482827609205 5
 2.5468489496498834 5
 2.5488496165388463 5
 2.5508502834278093 5
 2.5528509503167722 5
 2.5548516172057352 5
 2.5568522840946986 5
 2.5588529509836615 5
 2.5608536178726244 5
 2.5628542847615874 5
 2.5648549516505503 5
 2.5668556185395133 5
 2.5688562854284762 5
 2.5708569523174392 5
 2.5728576192064021 5
 2.574858286095365 5
 2.5768589529843284 5
 2.5788596198732914 5
 2.5808602867622543 5
 2.5828609536512173 5
 2.5848616205401802 5
 2.5868622874291431 5
 2.5888629543181061 5
 2.590863621207069 5
 2.592864288096032 5
 2.5948649549849949 5
 2.5968656218739583 5
 2.5988662887629213 5
 2.6008669556518842 5
 2.6028676225408471 5
 2.6048682894298101 5
 2.606868956318773 5
 2.608869623207736 5
 2.6108702900966989 5
 2.6128709569856619 5
 2.6148716238746248 5
 2.6168722907635882 5
 2.6188729576525511 5
 2.6208736245415141 5
 2.622874291430477 5
 2.62487495831944 5
 2.6268756252084029 5
 2.6288762920973658 5
 2.6308769589863288 5
 2.6328776258752917 5
 2.6348782927642547 5
 2.6368789596532181 5
 2.638879626542181 5
 2.6408802934311439 5
 2.6428809603201069 5
 2.6448816272090698 5
 2.6468822940980328 5
 2.6488829609869957 5
 2.6508836278759587 5
 2.6528842947649216 5
 2.6548849616538845 5
 2.6568856285428479 5
 2.6588862954318109 5
 2.6608869623207738 5
 2.6628876292097368 5
 2.6648882960986997 5
 2.6668889629876626 5
 2.6688896298766256 5
 2.6708902967655885 5
 2.6728909636545515 5
 2.6748916305435144 5
 2.6768922974324778 5
 2.6788929643214408 5
 2.6808936312104037 5
 2.6828942980993666 5
 2.6848949649883296 5
 2.6868956318772925 5
 2.6888962987662555 5
 2.6908969656552184 5
 2.6928976325441814 5
 2.6948982994331443 5
 2.6968989663221077 5
 2.6988996332110706 5
 2.7009003001000336 5
 2.7029009669889965 5
 2.7049016338779595 5
 2.7069023007669224 5
 2.7089029676558853 5
 2.7109036345448483 5
 2.7129043014338112 5
 2.7149049683227742 5
 2.7169056352117376 5
 2.7189063021007005 5
 2.7209069689896634 5
 2.7229076358786264 5
 2.7249083027675893 5
 2.7269089696565523 5
 2.7289096365455152 5
 2.7309103034344782 5
 2.7329109703234411 5
 2.7349116372124045 5
 2.7369123041013674 5
 2.7389129709903304 5
 2.7409136378792933 5
 2.7429143047682563 5
 2.7449149716572192 5
 2.7469156385461821 5
 2.7489163054351451 5
 2.750916972324108 5
 2.752917639213071 5
 2.7549183061020344 5
 2.7569189729909973 5
 2.7589196398799603 5
 2.7609203067689232 5
 2.7629209736578861 5
 2.7649216405468491 5
 2.766922307435812 5
 2.768922974324775 5
 2.7709236412137379 5
 2.7729243081027009 5
 2.7749249749916642 5
 2.7769256418806272 5
 2.7789263087695901 5
 2.7809269756585531 5
 2.782927642547516 5
 2.784928309436479 5
 2.7869289763254419 5
 2.7889296432144048 5
 2.7909303101033678 5
 2.7929309769923307 5
 2.7949316438812941 5
 2.7969323107702571 5
 2.79893297765922 5
 2.8009336445481829 5
 2.8029343114371459 5
 2.8049349783261088 5
 2.8069356452150718 5
 2.8089363121040347 5
 2.8109369789929977 5
 2.8129376458819606 5
 2.814938312770924 5
 2.8169389796598869 5
 2.8189396465488499 5
 2.8209403134378128 5
 2.8229409803267758 5
 2.8249416472157387 5
 2.8269423141047016 5
 2.8289429809936646 5
 2.8309436478826275 5
 2.8329443147715905 5
 2.8349449816605539 5
 2.8369456485495168 5
 2.8389463154384798 5
 2.8409469823274427 5
 2.8429476492164056 5
 2.8449483161053686 5
 2.8469489829943315 5
 2.8489496498832945 5
 2.8509503167722574 5
 2.8529509836612204 5
 2.8549516505501837 5
 2.8569523174391467 5
 2.8589529843281096 5
 2.8609536512170726 5
 2.8629543181060355 5
 2.8649549849949985 5
 2.8669556518839614 5
 2.8689563187729243 5
 2.8709569856618873 5
 2.8729576525508502 5
 2.8749583194398136 5
 2.8769589863287766 5
 2.8789596532177395 5
 2.8809603201067024 5
 2.8829609869956654 5
 2.8849616538846283 5
 2.8869623207735913 5
 2.8889629876625542 5
 2.8909636545515172 5
 2.8929643214404801 5
 2.8949649883294435 5
 2.8969656552184064 5
 2.8989663221073694 5
 2.9009669889963323 5
 2.9029676558852953 5
 2.9049683227742582 5
 2.9069689896632211 5
 2.9089696565521841 5
 2.910970323441147 5
 2.91297099033011 5
 2.9149716572190734 5
 2.9169723241080363 5
 2.9189729909969993 5
 2.9209736578859622 5
 2.9229743247749251 5
 2.9249749916638881 5
 2.926975658552851 5
 2.928976325441814 5
 2.9309769923307769 5
 2.9329776592197399 5
 2.9349783261087032 5
 2.9369789929976662 5
 2.9389796598866291 5
 2.9409803267755921 5
 2.942980993664555 5
 2.944981660553518 5
 2.9469823274424809 5
 2.9489829943314438 5
 2.9509836612204068 5
 2.9529843281093697 5
 2.9549849949983331 5
 2.9569856618872961 5
 2.958986328776259 5
 2.9609869956652219 5
 2.9629876625541849 5
 2.9649883294431478 5
 2.9669889963321108 5
 2.9689896632210737 5
 2.9709903301100367 5
 2.9729909969989996 5
 2.974991663887963 5
 2.9769923307769259 5
 2.9789929976658889 5
 2.9809936645548518 5
 2.9829943314438148 5
 2.9849949983327777 5
 2.9869956652217406 5
 2.9889963321107036 5
 2.9909969989996665 5
 2.9929976658886295 5
 2.9949983327775929 5
 2.9969989996665558 5
 2.9989996665555188 5
 3.0010003334444812 -5
 3.0030010003334442 -5
 3.0050016672224071 -5
 3.0070023341113705 -5
 3.0090030010003335 -5
 3.0110036678892964 -5
 3.0130043347782594 -5
 3.0150050016672223 -5
 3.0170056685561852 -5
 3.0190063354451482 -5
 3.0210070023341111 -5
 3.0230076692230741 -5
 3.025008336112037 -5
 3.0270090030010004 -5
 3.0290096698899633 -5
 3.0310103367789263 -5
 3.0330110036678892 -5
 3.0350116705568522 -5
 3.0370123374458151 -5
 3.0390130043347781 -5
 3.041013671223741 -5
 3.0430143381127039 -5
 3.0450150050016669 -5
 3.0470156718906303 -5
 3.0490163387795932 -5
 3.0510170056685562 -5
 3.0530176725575191 -5
 3.055018339446482 -5
 3.057019006335445 -5
 3.0590196732244079 -5
 3.0610203401133709 -5
 3.0630210070023338 -5
 3.0650216738912968 -5
 3.0670223407802601 -5
 3.0690230076692231 -5
 3.071023674558186 -5
 3.073024341447149 -5
 3.0750250083361119 -5
 3.0770256752250749 -5
 3.0790263421140378 -5
 3.0810270090030007 -5
 3.0830276758919637 -5
 3.0850283427809266 -5
 3.08702900966989 -5
 3.089029676558853 -5
 3.0910303434478159 -5
 3.0930310103367789 -5
 3.0950316772257418 -5
 3.0970323441147047 -5
 3.0990330110036677 -5
 3.1010336778926306 -5
 3.1030343447815936 -5
 3.1050350116705565 -5
 3.1070356785595199 -5
 3.1090363454484828 -5
 3.1110370123374458 -5
 3.1130376792264087 -5
 3.1150383461153717 -5
 3.1170390130043346 -5
 3.1190396798932976 -5
 3.1210403467822605 -5
 3.1230410136712234 -5
 3.1250416805601864 -5
 3.1270423474491498 -5
 3.1290430143381127 -5
 3.1310436812270757 -5
 3.1330443481160386 -5
 3.1350450150050015 -5
 3.1370456818939645 -5
 3.1390463487829274 -5
 3.1410470156718904 -5
 3.1430476825608533 -5
 3.1450483494498163 -5
 3.1470490163387796 -5
 3.1490496832277426 -5
 3.1510503501167055 -5
 3.1530510170056685 -5
 3.1550516838946314 -5
 3.1570523507835944 -5
 3.1590530176725573 -5
 3.1610536845615202 -5
 3.1630543514504832 -5
 3.1650550183394461 -5
 3.1670556852284095 -5
 3.1690563521173725 -5
 3.1710570190063354 -5
 3.1730576858952984 -5
 3.1750583527842613 -5
 3.1770590196732242 -5
 3.1790596865621872 -5
 3.1810603534511501 -5
 3.1830610203401131 -5
 3.185061687229076 -5
 3.1870623541180394 -5
 3.1890630210070023 -5
 3.1910636878959653 -5
 3.1930643547849282 -5
 3.1950650216738912 -5
 3.1970656885628541 -5
 3.1990663554518171 -5
 3.20106702234078 -5
 3.2030676892297429 -5
 3.2050683561187059 -5
 3.2070690230076693 -5
 3.2090696898966322 -5
 3.2110703567855952 -5
 3.2130710236745581 -5
 3.215071690563521 -5
 3.217072357452484 -5
 3.2190730243414469 -5
 3.2210736912304099 -5
 3.2230743581193728 -5
 3.2250750250083358 -5
 3.2270756918972991 -5
 3.2290763587862621 -5
 3.231077025675225 -5
 3.233077692564188 -5
 3.2350783594531509 -5
 3.2370790263421139 -5
 3.2390796932310768 -5
 3.2410803601200397 -5
 3.2430810270090027 -5
 3.2450816938979656 -5
 3.247082360786929 -5
 3.249083027675892 -5
 3.2510836945648549 -5
 3.2530843614538179 -5
 3.2550850283427808 -5
 3.2570856952317437 -5
 3.2590863621207067 -5
 3.2610870290096696 -5
 3.2630876958986326 -5
 3.2650883627875955 -5
 3.2670890296765589 -5
 3.2690896965655218 -5
 3.2710903634544848 -5
 3.2730910303434477 -5
 3.2750916972324107 -5
 3.2770923641213736 -5
 3.2790930310103366 -5
 3.2810936978992995 -5
 3.2830943647882624 -5
 3.2850950316772258 -5
 3.2870956985661888 -5
 3.2890963654551517 -5
 3.2910970323441147 -5
 3.2930976992330776 -5
 3.2950983661220405 -5
 3.2970990330110035 -5
 3.2990996998999664 -5
 3.3011003667889294 -5
 3.3031010336778923 -5
 3.3051017005668557 -5
 3.3071023674558186 -5
 3.3091030343447816 -5
 3.3111037012337445 -5
 3.3131043681227075 -5
 3.3151050350116704 -5
 3.3171057019006334 -5
 3.3191063687895963 -5
 3.3211070356785592 -5
 3.3231077025675222 -5
 3.3251083694564856 -5
 3.3271090363454485 -5
 3.3291097032344115 -5
 3.3311103701233744 -5
 3.3331110370123374 -5
 3.3351117039013003 -5
 3.3371123707902632 -5
 3.3391130376792262 -5
 3.3411137045681891 -5
 3.3431143714571521 -5
 3.3451150383461155 -5
 3.3471157052350784 -5
 3.3491163721240413 -5
 3.3511170390130043 -5
 3.3531177059019672 -5
 3.3551183727909302 -5
 3.3571190396798931 -5
 3.3591197065688561 -5
 3.361120373457819 -5
 3.3631210403467819 -5
 3.3651217072357453 -5
 3.3671223741247083 -5
 3.3691230410136712 -5
 3.3711237079026342 -5
 3.3731243747915971 -5
 3.37512504168056 -5
 3.377125708569523 -5
 3.3791263754584859 -5
 3.3811270423474489 -5
 3.3831277092364118 -5
 3.3851283761253752 -5
 3.3871290430143381 -5
 3.3891297099033011 -5
 3.391130376792264 -5
 3.393131043681227 -5
 3.3951317105701899 -5
 3.3971323774591529 -5
 3.3991330443481158 -5
 3.4011337112370787 -5
 3.4031343781260417 -5
 3.4051350450150051 -5
 3.407135711903968 -5
 3.409136378792931 -5
 3.4111370456818939 -5
 3.4131377125708569 -5
 3.4151383794598198 -5
 3.4171390463487827 -5
 3.4191397132377457 -5
 3.4211403801267086 -5
 3.4231410470156716 -5
 3.425141713904635 -5
 3.4271423807935979 -5
 3.4291430476825608 -5
 3.4311437145715238 -5
 3.4331443814604867 -5
 3.4351450483494497 -5
 3.4371457152384126 -5
 3.4391463821273756 -5
 3.4411470490163385 -5
 3.4431477159053014 -5
 3.4451483827942648 -5
 3.4471490496832278 -5
 3.4491497165721907 -5
 3.4511503834611537 -5
 3.4531510503501166 -5
 3.4551517172390795 -5
 3.4571523841280425 -5
 3.4591530510170054 -5
 3.4611537179059684 -5
 3.4631543847949313 -5
 3.4651550516838947 -5
 3.4671557185728576 -5
 3.4691563854618206 -5
 3.4711570523507835 -5
 3.4731577192397465 -5
 3.4751583861287094 -5
 3.4771590530176724 -5
 3.4791597199066353 -5
 3.4811603867955982 -5
 3.4831610536845612 -5
 3.4851617205735246 -5
 3.4871623874624875 -5
 3.4891630543514505 -5
 3.4911637212404134 -5
 3.4931643881293764 -5
 3.4951650550183393 -5
 3.4971657219073022 -5
 3.4991663887962652 -5
 3.5011670556852281 -5
 3.5031677225741911 -5
 3.5051683894631545 -5
 3.5071690563521174 -5
 3.5091697232410803 -5
 3.5111703901300433 -5
 3.5131710570190062 -5
 3.5151717239079692 -5
 3.5171723907969321 -5
 3.5191730576858951 -5
 3.521173724574858 -5
 3.5231743914638209 -5
 3.5251750583527843 -5
 3.5271757252417473 -5
 3.5291763921307102 -5
 3.5311770590196732 -5
 3.5331777259086361 -5
 3.535178392797599 -5
 3.537179059686562 -5
 3.5391797265755249 -5
 3.5411803934644879 -5
 3.5431810603534508 -5
 3.5451817272424142 -5
 3.5471823941313771 -5
 3.5491830610203401 -5
 3.551183727909303 -5
 3.553184394798266 -5
 3.5551850616872289 -5
 3.5571857285761919 -5
 3.5591863954651548 -5
 3.5611870623541177 -5
 3.5631877292430807 -5
 3.5651883961320441 -5
 3.567189063021007 -5
 3.56918972990997 -5
 3.5711903967989329 -5
 3.5731910636878959 -5
 3.5751917305768588 -5
 3.5771923974658217 -5
 3.5791930643547847 -5
 3.5811937312437476 -5
 3.5831943981327106 -5
 3.585195065021674 -5
 3.5871957319106369 -5
 3.5891963987995998 -5
 3.5911970656885628 -5
 3.5931977325775257 -5
 3.5951983994664887 -5
 3.5971990663554516 -5
 3.5991997332444146 -5
 3.6012004001333775 -5
 3.6032010670223404 -5
 3.6052017339113038 -5
 3.6072024008002668 -5
 3.6092030676892297 -5
 3.6112037345781927 -5
 3.6132044014671556 -5
 3.6152050683561185 -5
 3.6172057352450815 -5
 3.6192064021340444 -5
 3.6212070690230074 -5
 3.6232077359119708 -5
 3.6252084028009337 -5
 3.6272090696898966 -5
 3.6292097365788596 -5
 3.6312104034678225 -5
 3.6332110703567855 -5
 3.6352117372457484 -5
 3.6372124041347114 -5
 3.6392130710236743 -5
 3.6412137379126372 -5
 3.6432144048016006 -5
 3.6452150716905636 -5
 3.6472157385795265 -5
 3.6492164054684895 -5
 3.6512170723574524 -5
 3.6532177392464154 -5
 3.6552184061353783 -5
 3.6572190730243412 -5
 3.6592197399133042 -5
 3.6612204068022671 -5
 3.6632210736912305 -5
 3.6652217405801935 -5
 3.6672224074691564 -5
 3.6692230743581193 -5
 3.6712237412470823 -5
 3.6732244081360452 -5
 3.6752250750250082 -5
 3.6772257419139711 -5
 3.6792264088029341 -5
 3.681227075691897 -5
 3.6832277425808604 -5
 3.6852284094698233 -5
 3.6872290763587863 -5
 3.6892297432477492 -5
 3.6912304101367122 -5
 3.6932310770256751 -5
 3.695231743914638 -5
 3.697232410803601 -5
 3.6992330776925639 -5
 3.7012337445815269 -5
 3.7032344114704903 -5
 3.7052350783594532 -5
 3.7072357452484161 -5
 3.7092364121373791 -5
 3.711237079026342 -5
 3.713237745915305 -5
 3.7152384128042679 -5
 3.7172390796932309 -5
 3.7192397465821938 -5
 3.7212404134711567 -5
 3.7232410803601201 -5
 3.7252417472490831 -5
 3.727242414138046 -5
 3.729243081027009 -5
 3.7312437479159719 -5
 3.7332444148049349 -5
 3.7352450816938978 -5
 3.7372457485828607 -5
 3.7392464154718237 -5
 3.7412470823607866 -5
 3.74324774924975 -5
 3.745248416138713 -5
 3.7472490830276759 -5
 3.7492497499166388 -5
 3.7512504168056018 -5
 3.7532510836945647 -5
 3.7552517505835277 -5
 3.7572524174724906 -5
 3.7592530843614536 -5
 3.7612537512504165 -5
 3.7632544181393799 -5
 3.7652550850283428 -5
 3.7672557519173058 -5
 3.7692564188062687 -5
 3.7712570856952317 -5
 3.7732577525841946 -5
 3.7752584194731575 -5
 3.7772590863621205 -5
 3.7792597532510834 -5
 3.7812604201400464 -5
 3.7832610870290098 -5
 3.7852617539179727 -5
 3.7872624208069356 -5
 3.7892630876958986 -5
 3.7912637545848615 -5
 3.7932644214738245 -5
 3.7952650883627874 -5
 3.7972657552517504 -5
 3.7992664221407133 -5
 3.8012670890296762 -5
 3.8032677559186396 -5
 3.8052684228076026 -5
 3.8072690896965655 -5
 3.8092697565855285 -5
 3.8112704234744914 -5
 3.8132710903634544 -5
 3.8152717572524173 -5
 3.8172724241413802 -5
 3.8192730910303432 -5
 3.8212737579193061 -5
 3.8232744248082695 -5
 3.8252750916972325 -5
 3.8272757585861954 -5
 3.8292764254751583 -5
 3.8312770923641213 -5
 3.8332777592530842 -5
 3.8352784261420472 -5
 3.8372790930310101 -5
 3.8392797599199731 -5
 3.841280426808936 -5
 3.8432810936978994 -5
 3.8452817605868623 -5
 3.8472824274758253 -5
 3.8492830943647882 -5
 3.8512837612537512 -5
 3.8532844281427141 -5
 3.855285095031677 -5
 3.85728576192064 -5
 3.8592864288096029 -5
 3.8612870956985659 -5
 3.8632877625875293 -5
 3.8652884294764922 -5
 3.8672890963654551 -5
 3.8692897632544181 -5
 3.871290430143381 -5
 3.873291097032344 -5
 3.8752917639213069 -5
 3.8772924308102699 -5
 3.8792930976992328 -5
 3.8812937645881957 -5
 3.8832944314771591 -5
 3.8852950983661221 -5
 3.887295765255085 -5
 3.889296432144048 -5
 3.8912970990330109 -5
 3.8932977659219739 -5
 3.8952984328109368 -5
 3.8972990996998997 -5
 3.8992997665888627 -5
 3.9013004334778256 -5
 3.903301100366789 -5
 3.905301767255752 -5
 3.9073024341447149 -5
 3.9093031010336778 -5
 3.9113037679226408 -5
 3.9133044348116037 -5
 3.9153051017005667 -5
 3.9173057685895296 -5
 3.9193064354784926 -5
 3.9213071023674555 -5
 3.9233077692564189 -5
 3.9253084361453818 -5
 3.9273091030343448 -5
 3.9293097699233077 -5
 3.9313104368122707 -5
 3.9333111037012336 -5
 3.9353117705901965 -5
 3.9373124374791595 -5
 3.9393131043681224 -5
 3.9413137712570854 -5
 3.9433144381460488 -5
 3.9453151050350117 -5
 3.9473157719239746 -5
 3.9493164388129376 -5
 3.9513171057019005 -5
 3.9533177725908635 -5
 3.9553184394798264 -5
 3.9573191063687894 -5
 3.9593197732577523 -5
 3.9613204401467157 -5
 3.9633211070356786 -5
 3.9653217739246416 -5
 3.9673224408136045 -5
 3.9693231077025675 -5
 3.9713237745915304 -5
 3.9733244414804934 -5
 3.9753251083694563 -5
 3.9773257752584192 -5
 3.9793264421473822 -5
 3.9813271090363456 -5
 3.9833277759253085 -5
 3.9853284428142715 -5
 3.9873291097032344 -5
 3.9893297765921973 -5
 3.9913304434811603 -5
 3.9933311103701232 -5
 3.9953317772590862 -5
 3.9973324441480491 -5
 3.9993331110370121 -5
 4.001333777925975 5
 4.0033344448149384 5
 4.0053351117039009 5
 4.0073357785928643 5
 4.0093364454818268 5
 4.0113371123707902 5
 4.0133377792597535 5
 4.015338446148716 5
 4.0173391130376794 5
 4.0193397799266419 5
 4.0213404468156053 5
 4.0233411137045678 5
 4.0253417805935312 5
 4.0273424474824946 5
 4.0293431143714571 5
 4.0313437812604196 5
 4.033344448149383 5
 4.0353451150383464 5
 4.0373457819273089 5
 4.0393464488162723 5
 4.0413471157052347 5
 4.0433477825941981 5
 4.0453484494831606 5
 4.047349116372124 5
 4.0493497832610874 5
 4.0513504501500499 5
 4.0533511170390124 5
 4.0553517839279758 5
 4.0573524508169392 5
 4.0593531177059017 5
 4.0613537845948651 5
 4.0633544514838276 5
 4.065355118372791 5
 4.0673557852617535 5
 4.0693564521507168 5
 4.0713571190396802 5
 4.0733577859286427 5
 4.0753584528176052 5
 4.0773591197065686 5
 4.079359786595532 5
 4.0813604534844945 5
 4.0833611203734579 5
 4.0853617872624204 5
 4.0873624541513838 5
 4.0893631210403463 5
 4.0913637879293097 5
 4.093364454818273 5
 4.0953651217072355 5
 4.0973657885961989 5
 4.0993664554851614 5
 4.1013671223741248 5
 4.1033677892630873 5
 4.1053684561520507 5
 4.1073691230410141 5
 4.1093697899299766 5
 4.1113704568189391 5
 4.1133711237079025 5
 4.1153717905968659 5
 4.1173724574858284 5
 4.1193731243747918 5
 4.1213737912637542 5
 4.1233744581527176 5
 4.1253751250416801 5
 4.1273757919306435 5
 4.1293764588196069 5
 4.1313771257085694 5
 4.1333777925975319 5
 4.1353784594864953 5
 4.1373791263754587 5
 4.1393797932644212 5
 4.1413804601533846 5
 4.1433811270423471 5
 4.1453817939313105 5
 4.147382460820273 5
 4.1493831277092363 5
 4.1513837945981997 5
 4.1533844614871622 5
 4.1553851283761256 5
 4.1573857952650881 5
 4.1593864621540515 5
 4.161387129043014 5
 4.1633877959319774 5
 4.1653884628209408 5
 4.1673891297099033 5
 4.1693897965988658 5
 4.1713904634878292 5
 4.1733911303767925 5
 4.175391797265755 5
 4.1773924641547184 5
 4.1793931310436809 5
 4.1813937979326443 5
 4.1833944648216068 5
 4.1853951317105702 5
 4.1873957985995336 5
 4.1893964654884961 5
 4.1913971323774586 5
 4.193397799266422 5
 4.1953984661553854 5
 4.1973991330443479 5
 4.1993997999333113 5
 4.2014004668222737 5
 4.2034011337112371 5
 4.2054018006001996 5
 4.207402467489163 5
 4.2094031343781264 5
 4.2114038012670889 5
 4.2134044681560514 5
 4.2154051350450148 5
 4.2174058019339782 5
 4.2194064688229407 5
 4.2214071357119041 5
 4.2234078026008666 5
 4.22540846948983 5
 4.2274091363787925 5
 4.2294098032677558 5
 4.2314104701567192 5
 4.2334111370456817 5
 4.2354118039346451 5
 4.2374124708236076 5
 4.239413137712571 5
 4.2414138046015335 5
 4.2434144714904969 5
 4.2454151383794603 5
 4.2474158052684228 5
 4.2494164721573853 5
 4.2514171390463487 5
 4.253417805935312 5
 4.2554184728242745 5
 4.2574191397132379 5
 4.2594198066022004 5
 4.2614204734911638 5
 4.2634211403801263 5
 4.2654218072690897 5
 4.2674224741580531 5
 4.2694231410470156 5
 4.2714238079359781 5
 4.2734244748249415 5
 4.2754251417139049 5
 4.2774258086028674 5
 4.2794264754918308 5
 4.2814271423807932 5
 4.2834278092697566 5
 4.2854284761587191 5
 4.2874291430476825 5
 4.2894298099366459 5
 4.2914304768256084 5
 4.2934311437145709 5
 4.2954318106035343 5
 4.2974324774924977 5
 4.2994331443814602 5
 4.3014338112704236 5
 4.3034344781593861 5
 4.3054351450483495 5
 4.307435811937312 5
 4.3094364788262753 5
 4.3114371457152387 5
 4.3134378126042012 5
 4.3154384794931646 5
 4.3174391463821271 5
 4.3194398132710905 5
 4.321440480160053 5
 4.3234411470490164 5
 4.3254418139379798 5
 4.3274424808269423 5
 4.3294431477159048 5
 4.3314438146048682 5
 4.3334444814938315 5
 4.335445148382794 5
 4.3374458152717574 5
 4.3394464821607199 5
 4.3414471490496833 5
 4.3434478159386458 5
 4.3454484828276092 5
 4.3474491497165726 5
 4.3494498166055351 5
 4.3514504834944976 5
 4.353451150383461 5
 4.3554518172724244 5
 4.3574524841613869 5
 4.3594531510503503 5
 4.3614538179393127 5
 4.3634544848282761 5
 4.3654551517172386 5
 4.367455818606202 5
 4.3694564854951654 5
 4.3714571523841279 5
 4.3734578192730904 5
 4.3754584861620538 5
 4.3774591530510172 5
 4.3794598199399797 5
 4.3814604868289431 5
 4.3834611537179056 5
 4.385461820606869 5
 4.3874624874958315 5
 4.3894631543847948 5
 4.3914638212737582 5
 4.3934644881627207 5
 4.3954651550516841 5
 4.3974658219406466 5
 4.39946648882961 5
 4.4014671557185725 5
 4.4034678226075359 5
 4.4054684894964993 5
 4.4074691563854618 5
 4.4094698232744243 5
 4.4114704901633877 5
 4.413471157052351 5
 4.4154718239413135 5
 4.4174724908302769 5
 4.4194731577192394 5
 4.4214738246082028 5
 4.4234744914971653 5
 4.4254751583861287 5
 4.4274758252750921 5
 4.4294764921640546 5
 4.4314771590530171 5
 4.4334778259419805 5
 4.4354784928309439 5
 4.4374791597199064 5
 4.4394798266088698 5
 4.4414804934978322 5
 4.4434811603867956 5
 4.4454818272757581 5
 4.4474824941647215 5
 4.4494831610536849 5
 4.4514838279426474 5
 4.4534844948316099 5
 4.4554851617205733 5
 4.4574858286095367 5
 4.4594864954984992 5
 4.4614871623874626 5
 4.463487829276426 5
 4.4654884961653885 5
 4.467489163054351 5
 4.4694898299433143 5
 4.4714904968322777 5
 4.4734911637212402 5
 4.4754918306102036 5
 4.4774924974991661 5
 4.4794931643881295 5
 4.481493831277092 5
 4.4834944981660554 5
 4.4854951650550188 5
 4.4874958319439813 5
 4.4894964988329438 5
 4.4914971657219072 5
 4.4934978326108705 5
 4.495498499499833 5
 4.4974991663887964 5
 4.4994998332777589 5
 4.5015005001667223 5
 4.5035011670556848 5
 4.5055018339446482 5
 4.5075025008336116 5
 4.5095031677225741 5
 4.5115038346115366 5
 4.5135045015005 5
 4.5155051683894634 5
 4.5175058352784259 5
 4.5195065021673893 5
 4.5215071690563517 5
 4.5235078359453151 5
 4.5255085028342776 5
 4.527509169723241 5
 4.5295098366122044 5
 4.5315105035011669 5
 4.5335111703901303 5
 4.5355118372790928 5
 4.5375125041680562 5
 4.5395131710570187 5
 4.5415138379459821 5
 4.5435145048349455 5
 4.545515171723908 5
 4.5475158386128705 5
 4.5495165055018338 5
 4.5515171723907972 5
 4.5535178392797597 5
 4.5555185061687231 5
 4.5575191730576856 5
 4.559519839946649 5
 4.5615205068356115 5
 4.5635211737245749 5
 4.5655218406135383 5
 4.5675225075025008 5
 4.5695231743914633 5
 4.5715238412804267 5
 4.57352450816939 5
 4.5755251750583525 5
 4.5775258419473159 5
 4.5795265088362784 5
 4.5815271757252418 5
 4.5835278426142043 5
 4.5855285095031677 5
 4.5875291763921311 5
 4.5895298432810936 5
 4.5915305101700561 5
 4.5935311770590195 5
 4.5955318439479829 5
 4.5975325108369454 5
 4.5995331777259088 5
 4.6015338446148712 5
 4.6035345115038346 5
 4.6055351783927971 5
 4.6075358452817605 5
 4.6095365121707239 5
 4.6115371790596864 5
 4.6135378459486498 5
 4.6155385128376123 5
 4.6175391797265757 5
 4.6195398466155382 5
 4.6215405135045016 5
 4.623541180393465 5
 4.6255418472824275 5
 4.62754251417139 5
 4.6295431810603533 5
 4.6315438479493167 5
 4.6335445148382792 5
 4.6355451817272426 5
 4.6375458486162051 5
 4.6395465155051685 5
 4.641547182394131 5
 4.6435478492830944 5
 4.6455485161720578 5
 4.6475491830610203 5
 4.6495498499499828 5
 4.6515505168389462 5
 4.6535511837279095 5
 4.655551850616872 5
 4.6575525175058354 5
 4.6595531843947979 5
 4.6615538512837613 5
 4.6635545181727238 5
 4.6655551850616872 5
 4.6675558519506506 5
 4.6695565188396131 5
 4.6715571857285756 5
 4.673557852617539 5
 4.6755585195065024 5
 4.6775591863954649 5
 4.6795598532844283 5
 4.6815605201733907 5
 4.6835611870623541 5
 4.6855618539513166 5
 4.68756252084028 5
 4.6895631877292434 5
 4.6915638546182059 5
 4.6935645215071693 5
 4.6955651883961318 5
 4.6975658552850952 5
 4.6995665221740577 5
 4.7015671890630211 5
 4.7035678559519845 5
 4.705568522840947 5
 4.7075691897299095 5
 4.7095698566188728 5
 4.7115705235078362 5
 4.7135711903967987 5
 4.7155718572857621 5
 4.7175725241747246 5
 4.719573191063688 5
 4.7215738579526505 5
 4.7235745248416139 5
 4.7255751917305773 5
 4.7275758586195398 5
 4.7295765255085023 5
 4.7315771923974657 5
 4.733577859286429 5
 4.7355785261753915 5
 4.7375791930643549 5
 4.7395798599533174 5
 4.7415805268422808 5
 4.7435811937312433 5
 4.7455818606202067 5
 4.7475825275091701 5
 4.7495831943981326 5
 4.7515838612870951 5
 4.7535845281760585 5
 4.7555851950650219 5
 4.7575858619539844 5
 4.7595865288429478 5
 4.7615871957319102 5
 4.7635878626208736 5
 4.7655885295098361 5
 4.7675891963987995 5
 4.7695898632877629 5
 4.7715905301767254 5
 4.7735911970656888 5
 4.7755918639546513 5
 4.7775925308436147 5
 4.7795931977325772 5
 4.7815938646215406 5
 4.783594531510504 5
 4.7855951983994665 5
 4.787595865288429 5
 4.7895965321773923 5
 4.7915971990663557 5
 4.7935978659553182 5
 4.7955985328442816 5
 4.7975991997332441 5
 4.7995998666222075 5
 4.80160053351117 5
 4.8036012004001334 5
 4.8056018672890968 5
 4.8076025341780593 5
 4.8096032010670218 5
 4.8116038679559852 5
 4.8136045348449485 5
 4.815605201733911 5
 4.8176058686228744 5
 4.8196065355118369 5
 4.8216072024008003 5
 4.8236078692897628 5
 4.8256085361787262 5
 4.8276092030676896 5
 4.8296098699566521 5
 4.8316105368456155 5
 4.833611203734578 5
 4.8356118706235414 5
 4.8376125375125039 5
 4.8396132044014673 5
 4.8416138712904306 5
 4.8436145381793931 5
 4.8456152050683556 5
 4.847615871957319 5
 4.8496165388462824 5
 4.8516172057352449 5
 4.8536178726242083 5
 4.8556185395131708 5
 4.8576192064021342 5
 4.8596198732910967 5
 4.8616205401800601 5
 4.8636212070690235 5
 4.865621873957986 5
 4.8676225408469485 5
 4.8696232077359118 5
 4.8716238746248752 5
 4.8736245415138377 5
 4.8756252084028011 5
 4.8776258752917636 5
 4.879626542180727 5
 4.8816272090696895 5
 4.8836278759586529 5
 4.8856285428476163 5
 4.8876292097365788 5
 4.8896298766255413 5
 4.8916305435145047 5
 4.893631210403468 5
 4.8956318772924305 5
 4.8976325441813939 5
 4.8996332110703564 5
 4.9016338779593198 5
 4.9036345448482823 5
 4.9056352117372457 5
 4.9076358786262091 5
 4.9096365455151716 5
 4.911637212404135 5
 4.9136378792930975 5
 4.9156385461820609 5
 4.9176392130710234 5
 4.9196398799599868 5
 4.9216405468489501 5
 4.9236412137379126 5
 4.9256418806268751 5
 4.9276425475158385 5
 4.9296432144048019 5
 4.9316438812937644 5
 4.9336445481827278 5
 4.9356452150716903 5
 4.9376458819606537 5
 4.9396465488496162 5
 4.9416472157385796 5
 4.943647882627543 5
 4.9456485495165055 5
 4.947649216405468 5
 4.9496498832944313 5
 4.9516505501833947 5
 4.9536512170723572 5
 4.9556518839613206 5
 4.9576525508502831 5
 4.9596532177392465 5
 4.961653884628209 5
 4.9636545515171724 5
 4.9656552184061358 5
 4.9676558852950983 5
 4.9696565521840608 5
 4.9716572190730242 5
 4.9736578859619875 5
 4.97565855285095 5
 4.9776592197399134 5
 4.9796598866288759 5
 4.9816605535178393 5
 4.9836612204068018 5
 4.9856618872957652 5
 4.9876625541847286 5
 4.9896632210736911 5
 4.9916638879626545 5
 4.993664554851617 5
 4.9956652217405804 5
 4.9976658886295429 5
 4.9996665555185063 5
 5.0016672224074687 -5
 5.0036678892964321 -5
 5.0056685561853946 -5
 5.007669223074358 -5
 5.0096698899633214 -5
 5.0116705568522839 -5
 5.0136712237412473 -5
 5.0156718906302098 -5
 5.0176725575191732 -5
 5.0196732244081357 -5
 5.0216738912970991 -5
 5.0236745581860625 -5
 5.025675225075025 -5
 5.0276758919639875 -5
 5.0296765588529508 -5
 5.0316772257419142 -5
 5.0336778926308767 -5
 5.0356785595198401 -5
 5.0376792264088026 -5
 5.039679893297766 -5
 5.0416805601867285 -5
 5.0436812270756919 -5
 5.0456818939646553 -5
 5.0476825608536178 -5
 5.0496832277425812 -5
 5.0516838946315437 -5
 5.053684561520507 -5
 5.0556852284094695 -5
 5.0576858952984329 -5
 5.0596865621873954 -5
 5.0616872290763588 -5
 5.0636878959653213 -5
 5.0656885628542847 -5
 5.0676892297432481 -5
 5.0696898966322106 -5
 5.071690563521174 -5
 5.0736912304101365 -5
 5.0756918972990999 -5
 5.0776925641880624 -5
 5.0796932310770258 -5
 5.0816938979659882 -5
 5.0836945648549516 -5
 5.0856952317439141 -5
 5.0876958986328775 -5
 5.0896965655218409 -5
 5.0916972324108034 -5
 5.0936978992997668 -5
 5.0956985661887293 -5
 5.0976992330776927 -5
 5.0996998999666552 -5
 5.1017005668556186 -5
 5.103701233744582 -5
 5.1057019006335445 -5
 5.1077025675225078 -5
 5.1097032344114703 -5
 5.1117039013004337 -5
 5.1137045681893962 -5
 5.1157052350783596 -5
 5.1177059019673221 -5
 5.1197065688562855 -5
 5.121707235745248 -5
 5.1237079026342114 -5
 5.1257085695231748 -5
 5.1277092364121373 -5
 5.1297099033011007 -5
 5.1317105701900632 -5
 5.1337112370790265 -5
 5.135711903967989 -5
 5.1377125708569524 -5
 5.1397132377459149 -5
 5.1417139046348783 -5
 5.1437145715238408 -5
 5.1457152384128042 -5
 5.1477159053017676 -5
 5.1497165721907301 -5
 5.1517172390796935 -5
 5.153717905968656 -5
 5.1557185728576194 -5
 5.1577192397465819 -5
 5.1597199066355453 -5
 5.1617205735245077 -5
 5.1637212404134711 -5
 5.1657219073024336 -5
 5.167722574191397 -5
 5.1697232410803604 -5
 5.1717239079693229 -5
 5.1737245748582863 -5
 5.1757252417472488 -5
 5.1777259086362122 -5
 5.1797265755251747 -5
 5.1817272424141381 -5
 5.1837279093031015 -5
 5.185728576192064 -5
 5.1877292430810273 -5
 5.1897299099699898 -5
 5.1917305768589532 -5
 5.1937312437479157 -5
 5.1957319106368791 -5
 5.1977325775258416 -5
 5.199733244414805 -5
 5.2017339113037675 -5
 5.2037345781927309 -5
 5.2057352450816943 -5
 5.2077359119706568 -5
 5.2097365788596202 -5
 5.2117372457485827 -5
 5.213737912637546 -5
 5.2157385795265085 -5
 5.2177392464154719 -5
 5.2197399133044344 -5
 5.2217405801933978 -5
 5.2237412470823603 -5
 5.2257419139713237 -5
 5.2277425808602871 -5
 5.2297432477492496 -5
 5.231743914638213 -5
 5.2337445815271755 -5
 5.2357452484161389 -5
 5.2377459153051014 -5
 5.2397465821940648 -5
 5.2417472490830281 -5
 5.2437479159719906 -5
 5.2457485828609531 -5
 5.2477492497499165 -5
 5.2497499166388799 -5
 5.2517505835278424 -5
 5.2537512504168058 -5
 5.2557519173057683 -5
 5.2577525841947317 -5
 5.2597532510836942 -5
 5.2617539179726576 -5
 5.263754584861621 -5
 5.2657552517505835 -5
 5.2677559186395468 -5
 5.2697565855285093 -5
 5.2717572524174727 -5
 5.2737579193064352 -5
 5.2757585861953986 -5
 5.2777592530843611 -5
 5.2797599199733245 -5
 5.281760586862287 -5
 5.2837612537512504 -5
 5.2857619206402138 -5
 5.2877625875291763 -5
 5.2897632544181397 -5
 5.2917639213071022 -5
 5.2937645881960655 -5
 5.295765255085028 -5
 5.2977659219739914 -5
 5.2997665888629539 -5
 5.3017672557519173 -5
 5.3037679226408798 -5
 5.3057685895298432 -5
 5.3077692564188066 -5
 5.3097699233077691 -5
 5.3117705901967325 -5
 5.313771257085695 -5
 5.3157719239746584 -5
 5.3177725908636209 -5
 5.3197732577525843 -5
 5.3217739246415476 -5
 5.3237745915305101 -5
 5.3257752584194726 -5
 5.327775925308436 -5
 5.3297765921973994 -5
 5.3317772590863619 -5
 5.3337779259753253 -5
 5.3357785928642878 -5
 5.3377792597532512 -5
 5.3397799266422137 -5
 5.3417805935311771 -5
 5.3437812604201405 -5
 5.345781927309103 -5
 5.3477825941980663 -5
 5.3497832610870288 -5
 5.3517839279759922 -5
 5.3537845948649547 -5
 5.3557852617539181 -5
 5.3577859286428806 -5
 5.359786595531844 -5
 5.3617872624208065 -5
 5.3637879293097699 -5
 5.3657885961987333 -5
 5.3677892630876958 -5
 5.3697899299766592 -5
 5.3717905968656217 -5
 5.373791263754585 -5
 5.3757919306435475 -5
 5.3777925975325109 -5
 5.3797932644214734 -5
 5.3817939313104368 -5
 5.3837945981993993 -5
 5.3857952650883627 -5
 5.3877959319773261 -5
 5.3897965988662886 -5
 5.391797265755252 -5
 5.3937979326442145 -5
 5.3957985995331779 -5
 5.3977992664221404 -5
 5.3997999333111038 -5
 5.4018006002000671 -5
 5.4038012670890296 -5
 5.405801933977993 -5
 5.4078026008669555 -5
 5.4098032677559189 -5
 5.4118039346448814 -5
 5.4138046015338448 -5
 5.4158052684228073 -5
 5.4178059353117707 -5
 5.4198066022007332 -5
 5.4218072690896966 -5
 5.42380793597866 -5
 5.4258086028676225 -5
 5.4278092697565858 -5
 5.4298099366455483 -5
 5.4318106035345117 -5
 5.4338112704234742 -5
 5.4358119373124376 -5
 5.4378126042014001 -5
 5.4398132710903635 -5
 5.441813937979326 -5
 5.4438146048682894 -5
 5.4458152717572528 -5
 5.4478159386462153 -5
 5.4498166055351787 -5
 5.4518172724241412 -5
 5.4538179393131045 -5
 5.455818606202067 -5
 5.4578192730910304 -5
 5.4598199399799929 -5
 5.4618206068689563 -5
 5.4638212737579188 -5
 5.4658219406468822 -5
 5.4678226075358456 -5
 5.4698232744248081 -5
 5.4718239413137715 -5
 5.473824608202734 -5
 5.4758252750916974 -5
 5.4778259419806599 -5
 5.4798266088696233 -5
 5.4818272757585866 -5
 5.4838279426475491 -5
 5.4858286095365125 -5
 5.487829276425475 -5
 5.4898299433144384 -5
 5.4918306102034009 -5
 5.4938312770923643 -5
 5.4958319439813268 -5
 5.4978326108702902 -5
 5.4998332777592527 -5
 5.5018339446482161 -5
 5.5038346115371795 -5
 5.505835278426142 -5
 5.5078359453151053 -5
 5.5098366122040678 -5
 5.5118372790930312 -5
 5.5138379459819937 -5
 5.5158386128709571 -5
 5.5178392797599196 -5
 5.519839946648883 -5
 5.5218406135378455 -5
 5.5238412804268089 -5
 5.5258419473157723 -5
 5.5278426142047348 -5
 5.5298432810936982 -5
 5.5318439479826607 -5
 5.533844614871624 -5
 5.5358452817605865 -5
 5.5378459486495499 -5
 5.5398466155385124 -5
 5.5418472824274758 -5
 5.5438479493164392 -5
 5.5458486162054017 -5
 5.5478492830943651 -5
 5.5498499499833276 -5
 5.551850616872291 -5
 5.5538512837612535 -5
 5.5558519506502169 -5
 5.5578526175391794 -5
 5.5598532844281428 -5
 5.5618539513171061 -5
 5.5638546182060686 -5
 5.565855285095032 -5
 5.5678559519839945 -5
 5.5698566188729579 -5
 5.5718572857619204 -5
 5.5738579526508838 -5
 5.5758586195398463 -5
 5.5778592864288097 -5
 5.5798599533177722 -5
 5.5818606202067356 -5
 5.583861287095699 -5
 5.5858619539846615 -5
 5.5878626208736248 -5
 5.5898632877625873 -5
 5.5918639546515507 -5
 5.5938646215405132 -5
 5.5958652884294766 -5
 5.5978659553184391 -5
 5.5998666222074025 -5
 5.601867289096365 -5
 5.6038679559853284 -5
 5.6058686228742918 -5
 5.6078692897632543 -5
 5.6098699566522177 -5
 5.6118706235411802 -5
 5.6138712904301435 -5
 5.615871957319106 -5
 5.6178726242080694 -5
 5.6198732910970319 -5
 5.6218739579859953 -5
 5.6238746248749587 -5
 5.6258752917639212 -5
 5.6278759586528846 -5
 5.6298766255418471 -5
 5.6318772924308105 -5
 5.633877959319773 -5
 5.6358786262087364 -5
 5.6378792930976989 -5
 5.6398799599866623 -5
 5.6418806268756256 -5
 5.6438812937645881 -5
 5.6458819606535515 -5
 5.647882627542514 -5
 5.6498832944314774 -5
 5.6518839613204399 -5
 5.6538846282094033 -5
 5.6558852950983658 -5
 5.6578859619873292 -5
 5.6598866288762917 -5
 5.6618872957652551 -5
 5.6638879626542185 -5
 5.665888629543181 -5
 5.6678892964321443 -5
 5.6698899633211068 -5
 5.6718906302100702 -5
 5.6738912970990327 -5
 5.6758919639879961 -5
 5.6778926308769586 -5
 5.679893297765922 -5
 5.6818939646548845 -5
 5.6838946315438479 -5
 5.6858952984328113 -5
 5.6878959653217738 -5
 5.6898966322107372 -5
 5.6918972990996997 -5
 5.693897965988663 -5
 5.6958986328776255 -5
 5.6978992997665889 -5
 5.6998999666555514 -5
 5.7019006335445148 -5
 5.7039013004334782 -5
 5.7059019673224407 -5
 5.7079026342114041 -5
 5.7099033011003666 -5
 5.71190396798933 -5
 5.7139046348782925 -5
 5.7159053017672559 -5
 5.7179059686562184 -5
 5.7199066355451818 -5
 5.7219073024341451 -5
 5.7239079693231076 -5
 5.725908636212071 -5
 5.7279093031010335 -5
 5.7299099699899969 -5
 5.7319106368789594 -5
 5.7339113037679228 -5
 5.7359119706568853 -5
 5.7379126375458487 -5
 5.7399133044348112 -5
 5.7419139713237746 -5
 5.743914638212738 -5
 5.7459153051017005 -5
 5.7479159719906638 -5
 5.7499166388796263 -5
 5.7519173057685897 -5
 5.7539179726575522 -5
 5.7559186395465156 -5
 5.7579193064354781 -5
 5.7599199733244415 -5
 5.761920640213404 -5
 5.7639213071023674 -5
 5.7659219739913308 -5
 5.7679226408802933 -5
 5.7699233077692567 -5
 5.7719239746582192 -5
 5.7739246415471825 -5
 5.775925308436145 -5
 5.7779259753251084 -5
 5.7799266422140709 -5
 5.7819273091030343 -5
 5.7839279759919977 -5
 5.7859286428809602 -5
 5.7879293097699236 -5
 5.7899299766588861 -5
 5.7919306435478495 -5
 5.793931310436812 -5
 5.7959319773257754 -5
 5.7979326442147379 -5
 5.7999333111037013 -5
 5.8019339779926646 -5
 5.8039346448816271 -5
 5.8059353117705905 -5
 5.807935978659553 -5
 5.8099366455485164 -5
 5.8119373124374789 -5
 5.8139379793264423 -5
 5.8159386462154048 -5
 5.8179393131043682 -5
 5.8199399799933307 -5
 5.8219406468822941 -5
 5.8239413137712575 -5
 5.82594198066022 -5
 5.8279426475491833 -5
 5.8299433144381458 -5
 5.8319439813271092 -5
 5.8339446482160717 -5
 5.8359453151050351 -5
 5.8379459819939976 -5
 5.839946648882961 -5
 5.8419473157719244 -5
 5.8439479826608869 -5
 5.8459486495498503 -5
 5.8479493164388128 -5
 5.8499499833277762 -5
 5.8519506502167387 -5
 5.853951317105702 -5
 5.8559519839946645 -5
 5.8579526508836279 -5
 5.8599533177725904 -5
 5.8619539846615538 -5
 5.8639546515505172 -5
 5.8659553184394797 -5
 5.8679559853284431 -5
 5.8699566522174056 -5
 5.871957319106369 -5
 5.8739579859953315 -5
 5.8759586528842949 -5
 5.8779593197732574 -5
 5.8799599866622208 -5
 5.8819606535511841 -5
 5.8839613204401466 -5
 5.88596198732911 -5
 5.8879626542180725 -5
 5.8899633211070359 -5
 5.8919639879959984 -5
 5.8939646548849618 -5
 5.8959653217739243 -5
 5.8979659886628877 -5
 5.8999666555518502 -5
 5.9019673224408136 -5
 5.903967989329777 -5
 5.9059686562187395 -5
 5.9079693231077028 -5
 5.9099699899966653 -5
 5.9119706568856287 -5
 5.9139713237745912 -5
 5.9159719906635546 -5
 5.9179726575525171 -5
 5.9199733244414805 -5
 5.9219739913304439 -5
 5.9239746582194064 -5
 5.9259753251083698 -5
 5.9279759919973323 -5
 5.9299766588862957 -5
 5.9319773257752582 -5
 5.9339779926642215 -5
 5.935978659553184 -5
 5.9379793264421474 -5
 5.9399799933311099 -5
 5.9419806602200733 -5
 5.9439813271090367 -5
 5.9459819939979992 -5
 5.9479826608869626 -5
 5.9499833277759251 -5
 5.9519839946648885 -5
 5.953984661553851 -5
 5.9559853284428144 -5
 5.9579859953317769 -5
 5.9599866622207403 -5
 5.9619873291097036 -5
 5.9639879959986661 -5
 5.9659886628876295 -5
 5.967989329776592 -5
 5.9699899966655554 -5
 5.9719906635545179 -5
 5.9739913304434813 -5
 5.9759919973324438 -5
 5.9779926642214072 -5
 5.9799933311103697 -5
 5.9819939979993331 -5
 5.9839946648882965 -5
 5.985995331777259 -5
 5.9879959986662223 -5
 5.9899966655551848 -5
 5.9919973324441482 -5
 5.9939979993331107 -5
 5.9959986662220741 -5
 5.9979993331110366 -5
 6 -5


