 0 0
 0.002002002002002002 0.010010010010010006
 0.004004004004004004 0.020020020020020013
 0.006006006006006006 0.030030030030030019
 0.0080080080080080079 0.040040040040040026
 0.01001001001001001 0.050050050050050032
 0.012012012012012012 0.060060060060060039
 0.014014014014014014 0.070070070070070045
 0.016016016016016016 0.080080080080080052
 0.018018018018018018 0.090090090090090058
 0.02002002002002002 0.10010010010010006
 0.022022022022022022 0.11011011011011007
 0.024024024024024024 0.12012012012012008
 0.026026026026026026 0.13013013013013008
 0.028028028028028028 0.14014014014014009
 0.03003003003003003 0.1501501501501501
 0.032032032032032032 0.1601601601601601
 0.03403403403403403 0.17017017017017011
 0.036036036036036036 0.18018018018018012
 0.038038038038038041 0.19019019019019012
 0.04004004004004004 0.20020020020020013
 0.042042042042042038 0.21021021021021014
 0.044044044044044044 0.22022022022022014
 0.046046046046046049 0.23023023023023015
 0.048048048048048048 0.24024024024024015
 0.050050050050050046 0.25025025025025016
 0.052052052052052052 0.26026026026026017
 0.054054054054054057 0.27027027027027017
 0.056056056056056056 0.28028028028028018
 0.058058058058058054 0.29029029029029019
 0.06006006006006006 0.30030030030030019
 0.062062062062062065 0.3103103103103102
 0.064064064064064064 0.32032032032032021
 0.066066066066066062 0.33033033033033021
 0.068068068068068061 0.34034034034034022
 0.070070070070070073 0.35035035035035023
 0.072072072072072071 0.36036036036036023
 0.07407407407407407 0.37037037037037024
 0.076076076076076082 0.38038038038038025
 0.078078078078078081 0.39039039039039025
 0.080080080080080079 0.40040040040040026
 0.082082082082082078 0.41041041041041026
 0.084084084084084076 0.42042042042042027
 0.086086086086086089 0.43043043043043028
 0.088088088088088087 0.44044044044044028
 0.090090090090090086 0.45045045045045029
 0.092092092092092098 0.4604604604604603
 0.094094094094094097 0.4704704704704703
 0.096096096096096095 0.48048048048048031
 0.098098098098098094 0.49049049049049032
 0.10010010010010009 0.50050050050050032
 0.1021021021021021 0.51051051051051033
 0.1041041041041041 0.52052052052052034
 0.1061061061061061 0.53053053053053034
 0.10810810810810811 0.54054054054054035
 0.11011011011011011 0.55055055055055035
 0.11211211211211211 0.56056056056056036
 0.11411411411411411 0.57057057057057037
 0.11611611611611611 0.58058058058058037
 0.11811811811811812 0.59059059059059038
 0.12012012012012012 0.60060060060060039
 0.12212212212212212 0.61061061061061039
 0.12412412412412413 0.6206206206206204
 0.12612612612612611 0.63063063063063041
 0.12812812812812813 0.64064064064064041
 0.13013013013013014 0.65065065065065042
 0.13213213213213212 0.66066066066066043
 0.13413413413413414 0.67067067067067043
 0.13613613613613612 0.68068068068068044
 0.13813813813813813 0.69069069069069045
 0.14014014014014015 0.70070070070070045
 0.14214214214214213 0.71071071071071046
 0.14414414414414414 0.72072072072072046
 0.14614614614614616 0.73073073073073047
 0.14814814814814814 0.74074074074074048
 0.15015015015015015 0.75075075075075048
 0.15215215215215216 0.76076076076076049
 0.15415415415415415 0.7707707707707705
 0.15615615615615616 0.7807807807807805
 0.15815815815815815 0.79079079079079051
 0.16016016016016016 0.80080080080080052
 0.16216216216216217 0.81081081081081052
 0.16416416416416416 0.82082082082082053
 0.16616616616616617 0.83083083083083054
 0.16816816816816815 0.84084084084084054
 0.17017017017017017 0.85085085085085055
 0.17217217217217218 0.86086086086086056
 0.17417417417417416 0.87087087087087056
 0.17617617617617617 0.88088088088088057
 0.17817817817817819 0.89089089089089057
 0.18018018018018017 0.90090090090090058
 0.18218218218218218 0.91091091091091059
 0.1841841841841842 0.92092092092092059
 0.18618618618618618 0.9309309309309306
 0.18818818818818819 0.94094094094094061
 0.19019019019019018 0.95095095095095061
 0.19219219219219219 0.96096096096096062
 0.1941941941941942 0.97097097097097151
 0.19619619619619619 0.98098098098098063
 0.1981981981981982 0.99099099099099064
 0.20020020020020018 1.0010010010010006
 0.2022022022022022 1.0110110110110111
 0.20420420420420421 1.0210210210210207
 0.20620620620620619 1.0310310310310311
 0.20820820820820821 1.0410410410410407
 0.21021021021021022 1.0510510510510507
 0.2122122122122122 1.0610610610610611
 0.21421421421421422 1.0710710710710716
 0.21621621621621623 1.0810810810810811
 0.21821821821821821 1.0910910910910907
 0.22022022022022023 1.1011011011011012
 0.22222222222222221 1.1111111111111112
 0.22422422422422422 1.1211211211211216
 0.22622622622622623 1.1311311311311312
 0.22822822822822822 1.1411411411411407
 0.23023023023023023 1.1511511511511507
 0.23223223223223222 1.1611611611611612
 0.23423423423423423 1.1711711711711716
 0.23623623623623624 1.1811811811811812
 0.23823823823823823 1.1911911911911908
 0.24024024024024024 1.2012012012012012
 0.24224224224224225 1.2112112112112117
 0.24424424424424424 1.2212212212212217
 0.24624624624624625 1.2312312312312312
 0.24824824824824826 1.2412412412412417
 0.25025025025025027 1.2512512512512513
 0.25225225225225223 1.2612612612612613
 0.25425425425425424 1.2712712712712717
 0.25625625625625625 1.2812812812812813
 0.25825825825825827 1.2912912912912908
 0.26026026026026028 1.3013013013013013
 0.26226226226226224 1.3113113113113113
 0.26426426426426425 1.3213213213213217
 0.26626626626626626 1.3313313313313313
 0.26826826826826827 1.3413413413413409
 0.27027027027027029 1.3513513513513513
 0.27227227227227224 1.3613613613613613
 0.27427427427427425 1.3713713713713718
 0.27627627627627627 1.3813813813813813
 0.27827827827827828 1.3913913913913909
 0.28028028028028029 1.4014014014014013
 0.2822822822822823 1.4114114114114118
 0.28428428428428426 1.4214214214214218
 0.28628628628628627 1.4314314314314314
 0.28828828828828829 1.4414414414414409
 0.2902902902902903 1.4514514514514514
 0.29229229229229231 1.4614614614614618
 0.29429429429429427 1.4714714714714718
 0.29629629629629628 1.4814814814814814
 0.29829829829829829 1.491491491491491
 0.3003003003003003 1.5015015015015014
 0.30230230230230232 1.5115115115115119
 0.30430430430430433 1.5215215215215219
 0.30630630630630629 1.5315315315315314
 0.3083083083083083 1.541541541541541
 0.31031031031031031 1.5515515515515514
 0.31231231231231232 1.5615615615615619
 0.31431431431431434 1.5715715715715719
 0.31631631631631629 1.5815815815815815
 0.31831831831831831 1.591591591591591
 0.32032032032032032 1.6016016016016015
 0.32232232232232233 1.6116116116116119
 0.32432432432432434 1.6216216216216219
 0.3263263263263263 1.6316316316316315
 0.32832832832832831 1.6416416416416411
 0.33033033033033032 1.6516516516516515
 0.33233233233233234 1.661661661661662
 0.33433433433433435 1.671671671671672
 0.33633633633633631 1.6816816816816815
 0.33833833833833832 1.6916916916916911
 0.34034034034034033 1.7017017017017015
 0.34234234234234234 1.711711711711712
 0.34434434434434436 1.721721721721722
 0.34634634634634637 1.7317317317317316
 0.34834834834834832 1.7417417417417411
 0.35035035035035034 1.7517517517517511
 0.35235235235235235 1.761761761761762
 0.35435435435435436 1.771771771771772
 0.35635635635635637 1.7817817817817816
 0.35835835835835833 1.7917917917917912
 0.36036036036036034 1.8018018018018016
 0.36236236236236236 1.8118118118118121
 0.36436436436436437 1.8218218218218221
 0.36636636636636638 1.8318318318318316
 0.36836836836836839 1.8418418418418412
 0.37037037037037035 1.8518518518518516
 0.37237237237237236 1.8618618618618621
 0.37437437437437437 1.8718718718718721
 0.37637637637637639 1.8818818818818817
 0.3783783783783784 1.8918918918918921
 0.38038038038038036 1.9019019019019017
 0.38238238238238237 1.9119119119119121
 0.38438438438438438 1.9219219219219221
 0.38638638638638639 1.9319319319319317
 0.38838838838838841 1.9419419419419421
 0.39039039039039036 1.9519519519519513
 0.39239239239239238 1.9619619619619622
 0.39439439439439439 1.9719719719719722
 0.3963963963963964 1.9819819819819817
 0.39839839839839841 1.9919919919919922
 0.40040040040040037 2.0020020020020017
 0.40240240240240238 2.0120120120120117
 0.40440440440440439 2.0220220220220222
 0.40640640640640641 2.0320320320320318
 0.40840840840840842 2.0420420420420413
 0.41041041041041043 2.0520520520520522
 0.41241241241241239 2.0620620620620622
 0.4144144144144144 2.0720720720720722
 0.41641641641641641 2.0820820820820818
 0.41841841841841843 2.0920920920920922
 0.42042042042042044 2.1021021021021018
 0.42242242242242239 2.1121121121121122
 0.42442442442442441 2.1221221221221223
 0.42642642642642642 2.1321321321321323
 0.42842842842842843 2.1421421421421423
 0.43043043043043044 2.1521521521521523
 0.43243243243243246 2.1621621621621623
 0.43443443443443441 2.1721721721721723
 0.43643643643643643 2.1821821821821819
 0.43843843843843844 2.1921921921921923
 0.44044044044044045 2.2022022022022023
 0.44244244244244246 2.2122122122122123
 0.44444444444444442 2.2222222222222223
 0.44644644644644643 2.2322322322322319
 0.44844844844844844 2.2422422422422423
 0.45045045045045046 2.2522522522522523
 0.45245245245245247 2.2622622622622623
 0.45445445445445443 2.2722722722722724
 0.45645645645645644 2.2822822822822819
 0.45845845845845845 2.2922922922922924
 0.46046046046046046 2.3023023023023019
 0.46246246246246248 2.3123123123123124
 0.46446446446446443 2.3223223223223224
 0.46646646646646645 2.3323323323323324
 0.46846846846846846 2.3423423423423424
 0.47047047047047047 2.3523523523523524
 0.47247247247247248 2.3623623623623624
 0.47447447447447449 2.3723723723723724
 0.47647647647647645 2.382382382382382
 0.47847847847847846 2.3923923923923929
 0.48048048048048048 2.4024024024024024
 0.48248248248248249 2.4124124124124124
 0.4844844844844845 2.4224224224224229
 0.48648648648648646 2.432432432432432
 0.48848848848848847 2.4424424424424425
 0.49049049049049048 2.4524524524524525
 0.4924924924924925 2.4624624624624625
 0.49449449449449451 2.4724724724724725
 0.49649649649649652 2.4824824824824834
 0.49849849849849848 2.4924924924924925
 0.50050050050050054 2.5025025025025025
 0.5025025025025025 2.5125125125125125
 0.50450450450450446 2.5225225225225225
 0.50650650650650653 2.5325325325325325
 0.50850850850850848 2.5425425425425425
 0.51051051051051055 2.5525525525525525
 0.51251251251251251 2.5625625625625625
 0.51451451451451446 2.5725725725725725
 0.51651651651651653 2.5825825825825826
 0.51851851851851849 2.5925925925925926
 0.52052052052052056 2.6026026026026026
 0.52252252252252251 2.6126126126126126
 0.52452452452452447 2.6226226226226226
 0.52652652652652654 2.6326326326326326
 0.5285285285285285 2.6426426426426426
 0.53053053053053056 2.6526526526526526
 0.53253253253253252 2.6626626626626626
 0.53453453453453448 2.6726726726726726
 0.53653653653653655 2.6826826826826826
 0.5385385385385385 2.6926926926926926
 0.54054054054054057 2.7027027027027026
 0.54254254254254253 2.7127127127127126
 0.54454454454454448 2.7227227227227226
 0.54654654654654655 2.7327327327327327
 0.54854854854854851 2.7427427427427427
 0.55055055055055058 2.7527527527527527
 0.55255255255255253 2.7627627627627627
 0.5545545545545546 2.7727727727727731
 0.55655655655655656 2.7827827827827827
 0.55855855855855852 2.7927927927927927
 0.56056056056056058 2.8028028028028027
 0.56256256256256254 2.8128128128128127
 0.56456456456456461 2.8228228228228232
 0.56656656656656657 2.8328328328328327
 0.56856856856856852 2.8428428428428427
 0.57057057057057059 2.8528528528528527
 0.57257257257257255 2.8628628628628627
 0.57457457457457461 2.8728728728728732
 0.57657657657657657 2.8828828828828827
 0.57857857857857853 2.8928928928928928
 0.5805805805805806 2.9029029029029028
 0.58258258258258255 2.9129129129129128
 0.58458458458458462 2.9229229229229232
 0.58658658658658658 2.9329329329329328
 0.58858858858858853 2.9429429429429428
 0.5905905905905906 2.9529529529529528
 0.59259259259259256 2.9629629629629628
 0.59459459459459463 2.9729729729729732
 0.59659659659659658 2.9829829829829828
 0.59859859859859854 2.9929929929929928
 0.60060060060060061 3.0030030030030028
 0.60260260260260257 3.0130130130130128
 0.60460460460460463 3.0230230230230233
 0.60660660660660659 3.0330330330330328
 0.60860860860860866 3.0430430430430433
 0.61061061061061062 3.0530530530530529
 0.61261261261261257 3.0630630630630629
 0.61461461461461464 3.0730730730730733
 0.6166166166166166 3.0830830830830829
 0.61861861861861867 3.0930930930930933
 0.62062062062062062 3.1031031031031029
 0.62262262262262258 3.1131131131131129
 0.62462462462462465 3.1231231231231233
 0.6266266266266266 3.1331331331331329
 0.62862862862862867 3.1431431431431434
 0.63063063063063063 3.1531531531531529
 0.63263263263263259 3.1631631631631629
 0.63463463463463465 3.1731731731731734
 0.63663663663663661 3.1831831831831829
 0.63863863863863868 3.1931931931931938
 0.64064064064064064 3.203203203203203
 0.64264264264264259 3.213213213213213
 0.64464464464464466 3.2232232232232239
 0.64664664664664662 3.233233233233233
 0.64864864864864868 3.2432432432432434
 0.65065065065065064 3.253253253253253
 0.6526526526526526 3.2632632632632625
 0.65465465465465467 3.2732732732732734
 0.65665665665665662 3.283283283283283
 0.65865865865865869 3.2932932932932935
 0.66066066066066065 3.303303303303303
 0.6626626626626626 3.313313313313313
 0.66466466466466467 3.3233233233233235
 0.66666666666666663 3.333333333333333
 0.6686686686686687 3.3433433433433435
 0.67067067067067065 3.3533533533533531
 0.67267267267267261 3.3633633633633631
 0.67467467467467468 3.3733733733733735
 0.67667667667667664 3.3833833833833826
 0.6786786786786787 3.3933933933933935
 0.68068068068068066 3.4034034034034031
 0.68268268268268273 3.4134134134134135
 0.68468468468468469 3.4234234234234235
 0.68668668668668664 3.4334334334334331
 0.68868868868868871 3.4434434434434436
 0.69069069069069067 3.4534534534534531
 0.69269269269269274 3.4634634634634636
 0.69469469469469469 3.4734734734734731
 0.69669669669669665 3.4834834834834831
 0.69869869869869872 3.4934934934934936
 0.70070070070070067 3.5035035035035027
 0.70270270270270274 3.5135135135135136
 0.7047047047047047 3.5235235235235236
 0.70670670670670666 3.5335335335335341
 0.70870870870870872 3.5435435435435436
 0.71071071071071068 3.5535535535535532
 0.71271271271271275 3.5635635635635632
 0.71471471471471471 3.5735735735735736
 0.71671671671671666 3.5835835835835832
 0.71871871871871873 3.5935935935935932
 0.72072072072072069 3.6036036036036032
 0.72272272272272275 3.6136136136136137
 0.72472472472472471 3.6236236236236241
 0.72672672672672667 3.6336336336336332
 0.72872872872872874 3.6436436436436437
 0.73073073073073069 3.6536536536536541
 0.73273273273273276 3.6636636636636637
 0.73473473473473472 3.6736736736736737
 0.73673673673673679 3.6836836836836833
 0.73873873873873874 3.6936936936936937
 0.7407407407407407 3.7037037037037033
 0.74274274274274277 3.7137137137137142
 0.74474474474474472 3.7237237237237237
 0.74674674674674679 3.7337337337337342
 0.74874874874874875 3.7437437437437442
 0.75075075075075071 3.7537537537537533
 0.75275275275275277 3.7637637637637638
 0.75475475475475473 3.7737737737737738
 0.7567567567567568 3.7837837837837842
 0.75875875875875876 3.7937937937937938
 0.76076076076076071 3.8038038038038033
 0.76276276276276278 3.8138138138138138
 0.76476476476476474 3.8238238238238238
 0.76676676676676681 3.8338338338338347
 0.76876876876876876 3.8438438438438438
 0.77077077077077072 3.8538538538538534
 0.77277277277277279 3.8638638638638638
 0.77477477477477474 3.8738738738738738
 0.77677677677677681 3.8838838838838843
 0.77877877877877877 3.8938938938938938
 0.78078078078078073 3.903903903903903
 0.78278278278278279 3.9139139139139139
 0.78478478478478475 3.9239239239239239
 0.78678678678678682 3.9339339339339343
 0.78878878878878878 3.9439439439439439
 0.79079079079079073 3.9539539539539534
 0.7927927927927928 3.9639639639639639
 0.79479479479479476 3.9739739739739739
 0.79679679679679682 3.9839839839839843
 0.79879879879879878 3.9939939939939935
 0.80080080080080074 4.0040040040040035
 0.80280280280280281 4.0140140140140144
 0.80480480480480476 4.0240240240240235
 0.80680680680680683 4.0340340340340344
 0.80880880880880879 4.0440440440440444
 0.81081081081081086 4.0540540540540544
 0.81281281281281281 4.0640640640640644
 0.81481481481481477 4.0740740740740735
 0.81681681681681684 4.0840840840840835
 0.81881881881881879 4.0940940940940944
 0.82082082082082086 4.1041041041041044
 0.82282282282282282 4.1141141141141135
 0.82482482482482478 4.1241241241241235
 0.82682682682682684 4.1341341341341344
 0.8288288288288288 4.1441441441441444
 0.83083083083083087 4.1541541541541545
 0.83283283283283283 4.1641641641641645
 0.83483483483483478 4.1741741741741745
 0.83683683683683685 4.1841841841841845
 0.83883883883883881 4.1941941941941945
 0.84084084084084088 4.2042042042042036
 0.84284284284284283 4.2142142142142145
 0.84484484484484479 4.2242242242242236
 0.84684684684684686 4.2342342342342345
 0.84884884884884881 4.2442442442442445
 0.85085085085085088 4.2542542542542545
 0.85285285285285284 4.2642642642642645
 0.8548548548548548 4.2742742742742736
 0.85685685685685686 4.2842842842842845
 0.85885885885885882 4.2942942942942945
 0.86086086086086089 4.3043043043043046
 0.86286286286286284 4.3143143143143146
 0.86486486486486491 4.3243243243243255
 0.86686686686686687 4.3343343343343346
 0.86886886886886883 4.3443443443443446
 0.87087087087087089 4.3543543543543546
 0.87287287287287285 4.3643643643643646
 0.87487487487487492 4.3743743743743746
 0.87687687687687688 4.3843843843843846
 0.87887887887887883 4.3943943943943946
 0.8808808808808809 4.4044044044044046
 0.88288288288288286 4.4144144144144146
 0.88488488488488493 4.4244244244244246
 0.88688688688688688 4.4344344344344346
 0.88888888888888884 4.4444444444444446
 0.89089089089089091 4.4544544544544546
 0.89289289289289286 4.4644644644644647
 0.89489489489489493 4.4744744744744747
 0.89689689689689689 4.4844844844844847
 0.89889889889889885 4.4944944944944947
 0.90090090090090091 4.5045045045045047
 0.90290290290290287 4.5145145145145138
 0.90490490490490494 4.5245245245245247
 0.9069069069069069 4.5345345345345347
 0.90890890890890885 4.5445445445445447
 0.91091091091091092 4.5545545545545547
 0.91291291291291288 4.5645645645645647
 0.91491491491491495 4.5745745745745747
 0.9169169169169169 4.5845845845845847
 0.91891891891891886 4.5945945945945947
 0.92092092092092093 4.6046046046046039
 0.92292292292292288 4.6146146146146148
 0.92492492492492495 4.6246246246246248
 0.92692692692692691 4.6346346346346339
 0.92892892892892887 4.6446446446446448
 0.93093093093093093 4.6546546546546548
 0.93293293293293289 4.6646646646646648
 0.93493493493493496 4.6746746746746748
 0.93693693693693691 4.6846846846846848
 0.93893893893893898 4.6946946946946948
 0.94094094094094094 4.7047047047047048
 0.9429429429429429 4.7147147147147148
 0.94494494494494496 4.7247247247247239
 0.94694694694694692 4.7347347347347348
 0.94894894894894899 4.7447447447447448
 0.95095095095095095 4.7547547547547548
 0.9529529529529529 4.7647647647647648
 0.95495495495495497 4.7747747747747749
 0.95695695695695693 4.7847847847847849
 0.958958958958959 4.7947947947947949
 0.96096096096096095 4.8048048048048049
 0.96296296296296291 4.8148148148148149
 0.96496496496496498 4.8248248248248249
 0.96696696696696693 4.8348348348348349
 0.968968968968969 4.8448448448448458
 0.97097097097097096 4.8548548548548549
 0.97297297297297292 4.8648648648648649
 0.97497497497497498 4.8748748748748758
 0.97697697697697694 4.8848848848848849
 0.97897897897897901 4.8948948948948949
 0.98098098098098097 4.9049049049049049
 0.98298298298298292 4.9149149149149141
 0.98498498498498499 4.924924924924925
 0.98698698698698695 4.934934934934935
 0.98898898898898902 4.944944944944945
 0.99099099099099097 4.954954954954955
 0.99299299299299304 4.9649649649649659
 0.994994994994995 4.974974974974975
 0.99699699699699695 4.984984984984985
 0.99899899899899902 4.994994994994995
 1.0010010010010011 5.005005005005005
 1.003003003003003 5.015015015015015
 1.005005005005005 5.025025025025025
 1.007007007007007 5.035035035035035
 1.0090090090090089 5.045045045045045
 1.0110110110110111 5.055055055055055
 1.0130130130130131 5.065065065065065
 1.015015015015015 5.075075075075075
 1.0170170170170172 5.0850850850850859
 1.0190190190190189 5.0950950950950951
 1.0210210210210211 5.1051051051051051
 1.0230230230230231 5.1151151151151151
 1.025025025025025 5.1251251251251251
 1.0270270270270272 5.135135135135136
 1.0290290290290289 5.1451451451451451
 1.0310310310310311 5.1551551551551551
 1.0330330330330331 5.1651651651651651
 1.035035035035035 5.1751751751751751
 1.0370370370370372 5.185185185185186
 1.0390390390390389 5.1951951951951951
 1.0410410410410411 5.2052052052052051
 1.0430430430430431 5.2152152152152151
 1.045045045045045 5.2252252252252251
 1.0470470470470472 5.235235235235236
 1.0490490490490489 5.2452452452452452
 1.0510510510510511 5.2552552552552552
 1.0530530530530531 5.2652652652652652
 1.055055055055055 5.2752752752752752
 1.0570570570570572 5.2852852852852861
 1.0590590590590589 5.2952952952952952
 1.0610610610610611 5.3053053053053052
 1.0630630630630631 5.3153153153153152
 1.065065065065065 5.3253253253253252
 1.0670670670670672 5.3353353353353361
 1.069069069069069 5.3453453453453452
 1.0710710710710711 5.3553553553553552
 1.0730730730730731 5.3653653653653652
 1.075075075075075 5.3753753753753752
 1.0770770770770772 5.3853853853853861
 1.079079079079079 5.3953953953953953
 1.0810810810810811 5.4054054054054053
 1.0830830830830831 5.4154154154154153
 1.0850850850850851 5.4254254254254253
 1.0870870870870872 5.4354354354354362
 1.089089089089089 5.4454454454454453
 1.0910910910910911 5.4554554554554553
 1.0930930930930931 5.4654654654654653
 1.0950950950950951 5.4754754754754753
 1.0970970970970972 5.4854854854854862
 1.099099099099099 5.4954954954954953
 1.1011011011011012 5.5055055055055053
 1.1031031031031031 5.5155155155155153
 1.1051051051051051 5.5255255255255253
 1.1071071071071072 5.5355355355355362
 1.109109109109109 5.5455455455455454
 1.1111111111111112 5.5555555555555554
 1.1131131131131131 5.5655655655655654
 1.1151151151151151 5.5755755755755754
 1.1171171171171173 5.5855855855855863
 1.119119119119119 5.5955955955955954
 1.1211211211211212 5.6056056056056054
 1.1231231231231231 5.6156156156156154
 1.1251251251251251 5.6256256256256254
 1.1271271271271273 5.6356356356356363
 1.129129129129129 5.6456456456456454
 1.1311311311311312 5.6556556556556554
 1.1331331331331331 5.6656656656656654
 1.1351351351351351 5.6756756756756754
 1.1371371371371373 5.6856856856856863
 1.139139139139139 5.6956956956956954
 1.1411411411411412 5.7057057057057055
 1.1431431431431431 5.7157157157157155
 1.1451451451451451 5.7257257257257255
 1.1471471471471473 5.7357357357357364
 1.149149149149149 5.7457457457457455
 1.1511511511511512 5.7557557557557555
 1.1531531531531531 5.7657657657657655
 1.1551551551551551 5.7757757757757755
 1.1571571571571573 5.7857857857857864
 1.159159159159159 5.7957957957957955
 1.1611611611611612 5.8058058058058055
 1.1631631631631631 5.8158158158158155
 1.1651651651651651 5.8258258258258255
 1.1671671671671673 5.8358358358358364
 1.169169169169169 5.8458458458458455
 1.1711711711711712 5.8558558558558556
 1.1731731731731732 5.8658658658658656
 1.1751751751751751 5.8758758758758756
 1.1771771771771773 5.8858858858858865
 1.179179179179179 5.8958958958958956
 1.1811811811811812 5.9059059059059056
 1.1831831831831832 5.9159159159159156
 1.1851851851851851 5.9259259259259256
 1.1871871871871873 5.9359359359359365
 1.189189189189189 5.9459459459459456
 1.1911911911911912 5.9559559559559556
 1.1931931931931932 5.9659659659659656
 1.1951951951951951 5.9759759759759756
 1.1971971971971973 5.9859859859859865
 1.1991991991991993 5.9959959959959965
 1.2012012012012012 6.0060060060060056
 1.2032032032032032 6.0160160160160157
 1.2052052052052051 6.0260260260260257
 1.2072072072072073 6.0360360360360366
 1.2092092092092093 6.0460460460460466
 1.2112112112112112 6.0560560560560557
 1.2132132132132132 6.0660660660660657
 1.2152152152152151 6.0760760760760757
 1.2172172172172173 6.0860860860860866
 1.2192192192192193 6.0960960960960966
 1.2212212212212212 6.1061061061061057
 1.2232232232232232 6.1161161161161157
 1.2252252252252251 6.1261261261261257
 1.2272272272272273 6.1361361361361366
 1.2292292292292293 6.1461461461461466
 1.2312312312312312 6.1561561561561557
 1.2332332332332332 6.1661661661661658
 1.2352352352352352 6.1761761761761758
 1.2372372372372373 6.1861861861861867
 1.2392392392392393 6.1961961961961967
 1.2412412412412412 6.2062062062062058
 1.2432432432432432 6.2162162162162158
 1.2452452452452452 6.2262262262262258
 1.2472472472472473 6.2362362362362367
 1.2492492492492493 6.2462462462462467
 1.2512512512512513 6.2562562562562558
 1.2532532532532532 6.2662662662662658
 1.2552552552552552 6.2762762762762758
 1.2572572572572573 6.2862862862862867
 1.2592592592592593 6.2962962962962967
 1.2612612612612613 6.3063063063063058
 1.2632632632632632 6.3163163163163158
 1.2652652652652652 6.3263263263263259
 1.2672672672672673 6.3363363363363367
 1.2692692692692693 6.3463463463463468
 1.2712712712712713 6.3563563563563559
 1.2732732732732734 6.3663663663663677
 1.2752752752752752 6.3763763763763759
 1.2772772772772774 6.3863863863863877
 1.2792792792792793 6.3963963963963968
 1.2812812812812813 6.4064064064064059
 1.2832832832832834 6.4164164164164159
 1.2852852852852852 6.4264264264264259
 1.2872872872872874 6.4364364364364368
 1.2892892892892893 6.4464464464464477
 1.2912912912912913 6.4564564564564559
 1.2932932932932935 6.4664664664664677
 1.2952952952952952 6.476476476476476
 1.2972972972972974 6.4864864864864868
 1.2992992992992993 6.4964964964964969
 1.3013013013013013 6.506506506506506
 1.3033033033033035 6.5165165165165178
 1.3053053053053052 6.5265265265265251
 1.3073073073073074 6.5365365365365378
 1.3093093093093093 6.5465465465465469
 1.3113113113113113 6.556556556556556
 1.3133133133133135 6.566566566566566
 1.3153153153153152 6.576576576576576
 1.3173173173173174 6.5865865865865869
 1.3193193193193193 6.5965965965965969
 1.3213213213213213 6.606606606606606
 1.3233233233233235 6.6166166166166178
 1.3253253253253252 6.626626626626626
 1.3273273273273274 6.6366366366366369
 1.3293293293293293 6.6466466466466469
 1.3313313313313313 6.6566566566566561
 1.3333333333333335 6.6666666666666679
 1.3353353353353352 6.6766766766766752
 1.3373373373373374 6.686686686686687
 1.3393393393393394 6.696696696696697
 1.3413413413413413 6.7067067067067061
 1.3433433433433435 6.7167167167167188
 1.3453453453453452 6.7267267267267261
 1.3473473473473474 6.736736736736737
 1.3493493493493494 6.746746746746747
 1.3513513513513513 6.7567567567567561
 1.3533533533533535 6.7667667667667679
 1.3553553553553552 6.7767767767767761
 1.3573573573573574 6.786786786786787
 1.3593593593593594 6.796796796796797
 1.3613613613613613 6.8068068068068062
 1.3633633633633635 6.8168168168168179
 1.3653653653653652 6.8268268268268271
 1.3673673673673674 6.8368368368368371
 1.3693693693693694 6.8468468468468471
 1.3713713713713713 6.8568568568568553
 1.3733733733733735 6.8668668668668689
 1.3753753753753752 6.8768768768768762
 1.3773773773773774 6.8868868868868871
 1.3793793793793794 6.8968968968968971
 1.3813813813813813 6.9069069069069062
 1.3833833833833835 6.916916916916918
 1.3853853853853852 6.9269269269269262
 1.3873873873873874 6.9369369369369371
 1.3893893893893894 6.9469469469469463
 1.3913913913913913 6.9569569569569563
 1.3933933933933935 6.966966966966968
 1.3953953953953953 6.9769769769769772
 1.3973973973973974 6.9869869869869872
 1.3993993993993994 6.9969969969969972
 1.4014014014014013 7.0070070070070054
 1.4034034034034035 7.0170170170170181
 1.4054054054054053 7.0270270270270263
 1.4074074074074074 7.0370370370370363
 1.4094094094094094 7.0470470470470472
 1.4114114114114114 7.0570570570570563
 1.4134134134134135 7.0670670670670681
 1.4154154154154153 7.0770770770770763
 1.4174174174174174 7.0870870870870872
 1.4194194194194194 7.0970970970970964
 1.4214214214214214 7.1071071071071064
 1.4234234234234235 7.1171171171171181
 1.4254254254254253 7.1271271271271264
 1.4274274274274275 7.1371371371371373
 1.4294294294294294 7.1471471471471473
 1.4314314314314314 7.1571571571571582
 1.4334334334334335 7.1671671671671682
 1.4354354354354353 7.1771771771771764
 1.4374374374374375 7.1871871871871864
 1.4394394394394394 7.1971971971971973
 1.4414414414414414 7.2072072072072064
 1.4434434434434436 7.2172172172172164
 1.4454454454454453 7.2272272272272264
 1.4474474474474475 7.2372372372372373
 1.4494494494494494 7.2472472472472482
 1.4514514514514514 7.2572572572572565
 1.4534534534534536 7.2672672672672682
 1.4554554554554555 7.2772772772772765
 1.4574574574574575 7.2872872872872874
 1.4594594594594594 7.2972972972972974
 1.4614614614614614 7.3073073073073083
 1.4634634634634636 7.3173173173173183
 1.4654654654654655 7.3273273273273274
 1.4674674674674675 7.3373373373373383
 1.4694694694694694 7.3473473473473474
 1.4714714714714714 7.3573573573573565
 1.4734734734734736 7.3673673673673665
 1.4754754754754755 7.3773773773773774
 1.4774774774774775 7.3873873873873874
 1.4794794794794794 7.3973973973973983
 1.4814814814814814 7.4074074074074066
 1.4834834834834836 7.4174174174174183
 1.4854854854854855 7.4274274274274283
 1.4874874874874875 7.4374374374374375
 1.4894894894894894 7.4474474474474475
 1.4914914914914914 7.4574574574574566
 1.4934934934934936 7.4674674674674684
 1.4954954954954955 7.4774774774774775
 1.4974974974974975 7.4874874874874884
 1.4994994994994995 7.4974974974974975
 1.5015015015015014 7.5075075075075066
 1.5035035035035036 7.5175175175175193
 1.5055055055055055 7.5275275275275275
 1.5075075075075075 7.5375375375375375
 1.5095095095095095 7.5475475475475475
 1.5115115115115114 7.5575575575575566
 1.5135135135135136 7.5675675675675684
 1.5155155155155156 7.5775775775775784
 1.5175175175175175 7.5875875875875876
 1.5195195195195195 7.5975975975975976
 1.5215215215215214 7.6076076076076067
 1.5235235235235236 7.6176176176176185
 1.5255255255255256 7.6276276276276276
 1.5275275275275275 7.6376376376376376
 1.5295295295295295 7.6476476476476476
 1.5315315315315314 7.6576576576576558
 1.5335335335335336 7.6676676676676694
 1.5355355355355356 7.6776776776776776
 1.5375375375375375 7.6876876876876876
 1.5395395395395395 7.6976976976976976
 1.5415415415415414 7.7077077077077067
 1.5435435435435436 7.7177177177177185
 1.5455455455455456 7.7277277277277276
 1.5475475475475475 7.7377377377377377
 1.5495495495495495 7.7477477477477477
 1.5515515515515514 7.7577577577577568
 1.5535535535535536 7.7677677677677686
 1.5555555555555556 7.7777777777777777
 1.5575575575575575 7.7877877877877877
 1.5595595595595595 7.7977977977977977
 1.5615615615615615 7.8078078078078059
 1.5635635635635636 7.8178178178178186
 1.5655655655655656 7.8278278278278277
 1.5675675675675675 7.8378378378378377
 1.5695695695695695 7.8478478478478477
 1.5715715715715715 7.8578578578578568
 1.5735735735735736 7.8678678678678686
 1.5755755755755756 7.8778778778778777
 1.5775775775775776 7.8878878878878878
 1.5795795795795795 7.8978978978978969
 1.5815815815815815 7.9079079079079069
 1.5835835835835836 7.9179179179179187
 1.5855855855855856 7.9279279279279278
 1.5875875875875876 7.9379379379379378
 1.5895895895895895 7.9479479479479478
 1.5915915915915915 7.9579579579579587
 1.5935935935935936 7.9679679679679687
 1.5955955955955956 7.9779779779779778
 1.5975975975975976 7.9879879879879869
 1.5995995995995997 7.9979979979979996
 1.6016016016016015 8.0080080080080069
 1.6036036036036037 8.0180180180180187
 1.6056056056056056 8.0280280280280287
 1.6076076076076076 8.0380380380380387
 1.6096096096096097 8.0480480480480487
 1.6116116116116115 8.058058058058057
 1.6136136136136137 8.0680680680680688
 1.6156156156156156 8.078078078078077
 1.6176176176176176 8.0880880880880888
 1.6196196196196198 8.0980980980980988
 1.6216216216216215 8.1081081081081088
 1.6236236236236237 8.1181181181181188
 1.6256256256256256 8.1281281281281288
 1.6276276276276276 8.138138138138137
 1.6296296296296298 8.1481481481481488
 1.6316316316316315 8.158158158158157
 1.6336336336336337 8.168168168168167
 1.6356356356356356 8.1781781781781788
 1.6376376376376376 8.1881881881881888
 1.6396396396396398 8.1981981981981988
 1.6416416416416417 8.2082082082082088
 1.6436436436436437 8.2182182182182189
 1.6456456456456456 8.2282282282282271
 1.6476476476476476 8.2382382382382389
 1.6496496496496498 8.2482482482482489
 1.6516516516516517 8.2582582582582571
 1.6536536536536537 8.2682682682682689
 1.6556556556556556 8.2782782782782789
 1.6576576576576576 8.2882882882882889
 1.6596596596596598 8.2982982982982989
 1.6616616616616617 8.3083083083083089
 1.6636636636636637 8.3183183183183171
 1.6656656656656657 8.3283283283283289
 1.6676676676676676 8.3383383383383389
 1.6696696696696698 8.3483483483483489
 1.6716716716716717 8.3583583583583589
 1.6736736736736737 8.3683683683683689
 1.6756756756756757 8.378378378378379
 1.6776776776776776 8.388388388388389
 1.6796796796796798 8.398398398398399
 1.6816816816816818 8.4084084084084072
 1.6836836836836837 8.418418418418419
 1.6856856856856857 8.428428428428429
 1.6876876876876876 8.438438438438439
 1.6896896896896898 8.448448448448449
 1.6916916916916918 8.458458458458459
 1.6936936936936937 8.468468468468469
 1.6956956956956957 8.478478478478479
 1.6976976976976976 8.488488488488489
 1.6996996996996998 8.498498498498499
 1.7017017017017018 8.508508508508509
 1.7037037037037037 8.518518518518519
 1.7057057057057057 8.5285285285285291
 1.7077077077077076 8.5385385385385391
 1.7097097097097098 8.5485485485485491
 1.7117117117117118 8.5585585585585591
 1.7137137137137137 8.5685685685685691
 1.7157157157157157 8.5785785785785791
 1.7177177177177176 8.5885885885885891
 1.7197197197197198 8.5985985985985991
 1.7217217217217218 8.6086086086086091
 1.7237237237237237 8.6186186186186191
 1.7257257257257257 8.6286286286286291
 1.7277277277277276 8.6386386386386391
 1.7297297297297298 8.6486486486486491
 1.7317317317317318 8.6586586586586591
 1.7337337337337337 8.6686686686686691
 1.7357357357357357 8.6786786786786791
 1.7377377377377377 8.6886886886886892
 1.7397397397397398 8.6986986986986992
 1.7417417417417418 8.7087087087087092
 1.7437437437437437 8.7187187187187192
 1.7457457457457457 8.7287287287287292
 1.7477477477477477 8.7387387387387392
 1.7497497497497498 8.7487487487487492
 1.7517517517517518 8.7587587587587592
 1.7537537537537538 8.7687687687687692
 1.7557557557557557 8.7787787787787792
 1.7577577577577577 8.7887887887887892
 1.7597597597597598 8.7987987987987992
 1.7617617617617618 8.8088088088088092
 1.7637637637637638 8.8188188188188192
 1.7657657657657657 8.8288288288288292
 1.7677677677677677 8.8388388388388393
 1.7697697697697699 8.8488488488488493
 1.7717717717717718 8.8588588588588593
 1.7737737737737738 8.8688688688688693
 1.7757757757757757 8.8788788788788793
 1.7777777777777777 8.8888888888888893
 1.7797797797797799 8.8988988988988993
 1.7817817817817818 8.9089089089089093
 1.7837837837837838 8.9189189189189193
 1.7857857857857857 8.9289289289289293
 1.7877877877877877 8.9389389389389375
 1.7897897897897899 8.9489489489489493
 1.7917917917917918 8.9589589589589593
 1.7937937937937938 8.9689689689689693
 1.7957957957957957 8.9789789789789793
 1.7977977977977977 8.9889889889889893
 1.7997997997997999 8.9989989989989994
 1.8018018018018018 9.0090090090090094
 1.8038038038038038 9.0190190190190194
 1.8058058058058057 9.0290290290290276
 1.8078078078078077 9.0390390390390394
 1.8098098098098099 9.0490490490490494
 1.8118118118118118 9.0590590590590594
 1.8138138138138138 9.0690690690690694
 1.8158158158158157 9.0790790790790794
 1.8178178178178177 9.0890890890890894
 1.8198198198198199 9.0990990990990994
 1.8218218218218218 9.1091091091091094
 1.8238238238238238 9.1191191191191177
 1.8258258258258258 9.1291291291291294
 1.8278278278278277 9.1391391391391394
 1.8298298298298299 9.1491491491491495
 1.8318318318318318 9.1591591591591595
 1.8338338338338338 9.1691691691691695
 1.8358358358358358 9.1791791791791777
 1.8378378378378377 9.1891891891891895
 1.8398398398398399 9.1991991991991995
 1.8418418418418419 9.2092092092092077
 1.8438438438438438 9.2192192192192195
 1.8458458458458458 9.2292292292292295
 1.8478478478478477 9.2392392392392395
 1.8498498498498499 9.2492492492492495
 1.8518518518518519 9.2592592592592595
 1.8538538538538538 9.2692692692692678
 1.8558558558558558 9.2792792792792795
 1.857857857857858 9.2892892892892895
 1.8598598598598599 9.2992992992992995
 1.8618618618618619 9.3093093093093096
 1.8638638638638638 9.3193193193193196
 1.8658658658658658 9.3293293293293296
 1.867867867867868 9.3393393393393396
 1.8698698698698699 9.3493493493493496
 1.8718718718718719 9.3593593593593578
 1.8738738738738738 9.3693693693693696
 1.8758758758758758 9.3793793793793796
 1.877877877877878 9.3893893893893896
 1.8798798798798799 9.3993993993993996
 1.8818818818818819 9.4094094094094096
 1.8838838838838838 9.4194194194194196
 1.8858858858858858 9.4294294294294296
 1.887887887887888 9.4394394394394396
 1.8898898898898899 9.4494494494494496
 1.8918918918918919 9.4594594594594597
 1.8938938938938938 9.4694694694694697
 1.8958958958958958 9.4794794794794797
 1.897897897897898 9.4894894894894897
 1.8998998998998999 9.4994994994994997
 1.9019019019019019 9.5095095095095097
 1.9039039039039038 9.5195195195195197
 1.9059059059059058 9.5295295295295297
 1.907907907907908 9.5395395395395397
 1.9099099099099099 9.5495495495495497
 1.9119119119119119 9.5595595595595597
 1.9139139139139139 9.5695695695695697
 1.915915915915916 9.5795795795795797
 1.917917917917918 9.5895895895895897
 1.9199199199199199 9.5995995995995997
 1.9219219219219219 9.6096096096096097
 1.9239239239239239 9.6196196196196198
 1.925925925925926 9.6296296296296298
 1.927927927927928 9.6396396396396398
 1.92992992992993 9.6496496496496498
 1.9319319319319319 9.6596596596596598
 1.9339339339339339 9.6696696696696698
 1.935935935935936 9.6796796796796798
 1.937937937937938 9.6896896896896916
 1.93993993993994 9.6996996996996998
 1.9419419419419419 9.7097097097097098
 1.9439439439439439 9.7197197197197198
 1.9459459459459461 9.7297297297297298
 1.947947947947948 9.7397397397397398
 1.94994994994995 9.7497497497497498
 1.9519519519519519 9.7597597597597598
 1.9539539539539539 9.7697697697697699
 1.9559559559559561 9.7797797797797799
 1.957957957957958 9.7897897897897899
 1.95995995995996 9.7997997997997999
 1.9619619619619619 9.8098098098098099
 1.9639639639639639 9.8198198198198199
 1.9659659659659661 9.8298298298298299
 1.967967967967968 9.8398398398398417
 1.96996996996997 9.8498498498498499
 1.9719719719719719 9.8598598598598599
 1.9739739739739739 9.8698698698698699
 1.9759759759759761 9.8798798798798799
 1.977977977977978 9.8898898898898899
 1.97997997997998 9.8998998998998999
 1.9819819819819819 9.9099099099099099
 1.9839839839839839 9.9199199199199199
 1.9859859859859861 9.9299299299299317
 1.987987987987988 9.93993993993994
 1.98998998998999 9.94994994994995
 1.991991991991992 9.95995995995996
 1.9939939939939939 9.96996996996997
 1.9959959959959961 9.97997997997998
 1.997997997997998 9.98998998998999
 2 0


