 0 -5
 0.002002002002002002 -4.97997997997998
 0.004004004004004004 -4.95995995995996
 0.006006006006006006 -4.93993993993994
 0.0080080080080080079 -4.9199199199199199
 0.01001001001001001 -4.8998998998998999
 0.012012012012012012 -4.8798798798798799
 0.014014014014014014 -4.8598598598598599
 0.016016016016016016 -4.8398398398398399
 0.018018018018018018 -4.8198198198198199
 0.02002002002002002 -4.7997997997997999
 0.022022022022022022 -4.7797797797797799
 0.024024024024024024 -4.7597597597597598
 0.026026026026026026 -4.7397397397397398
 0.028028028028028028 -4.7197197197197198
 0.03003003003003003 -4.6996996996996998
 0.032032032032032032 -4.6796796796796798
 0.03403403403403403 -4.6596596596596598
 0.036036036036036036 -4.6396396396396398
 0.038038038038038041 -4.6196196196196198
 0.04004004004004004 -4.5995995995995997
 0.042042042042042038 -4.5795795795795797
 0.044044044044044044 -4.5595595595595597
 0.046046046046046049 -4.5395395395395397
 0.048048048048048048 -4.5195195195195197
 0.050050050050050046 -4.4994994994994997
 0.052052052052052052 -4.4794794794794797
 0.054054054054054057 -4.4594594594594597
 0.056056056056056056 -4.4394394394394396
 0.058058058058058054 -4.4194194194194196
 0.06006006006006006 -4.3993993993993996
 0.062062062062062065 -4.3793793793793796
 0.064064064064064064 -4.3593593593593596
 0.066066066066066062 -4.3393393393393396
 0.068068068068068061 -4.3193193193193196
 0.070070070070070073 -4.2992992992992995
 0.072072072072072071 -4.2792792792792795
 0.07407407407407407 -4.2592592592592595
 0.076076076076076082 -4.2392392392392395
 0.078078078078078081 -4.2192192192192195
 0.080080080080080079 -4.1991991991991995
 0.082082082082082078 -4.1791791791791795
 0.084084084084084076 -4.1591591591591595
 0.086086086086086089 -4.1391391391391394
 0.088088088088088087 -4.1191191191191194
 0.090090090090090086 -4.0990990990990994
 0.092092092092092098 -4.0790790790790794
 0.094094094094094097 -4.0590590590590594
 0.096096096096096095 -4.0390390390390394
 0.098098098098098094 -4.0190190190190194
 0.10010010010010009 -3.9989989989989994
 0.1021021021021021 -3.9789789789789793
 0.1041041041041041 -3.9589589589589593
 0.1061061061061061 -3.9389389389389389
 0.10810810810810811 -3.9189189189189189
 0.11011011011011011 -3.8988988988988988
 0.11211211211211211 -3.8788788788788784
 0.11411411411411411 -3.8588588588588593
 0.11611611611611611 -3.8388388388388388
 0.11811811811811812 -3.8188188188188188
 0.12012012012012012 -3.7987987987987988
 0.12212212212212212 -3.7787787787787783
 0.12412412412412413 -3.7587587587587583
 0.12612612612612611 -3.7387387387387387
 0.12812812812812813 -3.7187187187187187
 0.13013013013013014 -3.6986986986986987
 0.13213213213213212 -3.6786786786786783
 0.13413413413413414 -3.6586586586586591
 0.13613613613613612 -3.6386386386386387
 0.13813813813813813 -3.6186186186186187
 0.14014014014014015 -3.5985985985985987
 0.14214214214214213 -3.5785785785785782
 0.14414414414414414 -3.5585585585585591
 0.14614614614614616 -3.5385385385385382
 0.14814814814814814 -3.5185185185185186
 0.15015015015015015 -3.4984984984984986
 0.15215215215215216 -3.4784784784784781
 0.15415415415415415 -3.458458458458459
 0.15615615615615616 -3.4384384384384381
 0.15815815815815815 -3.4184184184184185
 0.16016016016016016 -3.3983983983983985
 0.16216216216216217 -3.3783783783783781
 0.16416416416416416 -3.3583583583583589
 0.16616616616616617 -3.338338338338338
 0.16816816816816815 -3.3183183183183185
 0.17017017017017017 -3.2982982982982985
 0.17217217217217218 -3.278278278278278
 0.17417417417417416 -3.2582582582582589
 0.17617617617617617 -3.238238238238238
 0.17817817817817819 -3.2182182182182184
 0.18018018018018017 -3.1981981981981984
 0.18218218218218218 -3.1781781781781779
 0.1841841841841842 -3.1581581581581588
 0.18618618618618618 -3.1381381381381379
 0.18818818818818819 -3.1181181181181183
 0.19019019019019018 -3.0980980980980983
 0.19219219219219219 -3.0780780780780779
 0.1941941941941942 -3.0580580580580579
 0.19619619619619619 -3.0380380380380378
 0.1981981981981982 -3.0180180180180183
 0.20020020020020018 -2.9979979979979983
 0.2022022022022022 -2.9779779779779778
 0.20420420420420421 -2.9579579579579587
 0.20620620620620619 -2.9379379379379378
 0.20820820820820821 -2.9179179179179182
 0.21021021021021022 -2.8978978978978982
 0.2122122122122122 -2.8778778778778777
 0.21421421421421422 -2.8578578578578577
 0.21621621621621623 -2.8378378378378377
 0.21821821821821821 -2.8178178178178181
 0.22022022022022023 -2.7977977977977977
 0.22222222222222221 -2.7777777777777777
 0.22422422422422422 -2.7577577577577577
 0.22622622622622623 -2.7377377377377377
 0.22822822822822822 -2.7177177177177181
 0.23023023023023023 -2.6976976976976981
 0.23223223223223222 -2.6776776776776776
 0.23423423423423423 -2.6576576576576576
 0.23623623623623624 -2.6376376376376376
 0.23823823823823823 -2.617617617617618
 0.24024024024024024 -2.5975975975975976
 0.24224224224224225 -2.5775775775775771
 0.24424424424424424 -2.5575575575575575
 0.24624624624624625 -2.5375375375375375
 0.24824824824824826 -2.5175175175175166
 0.25025025025025027 -2.4974974974974975
 0.25225225225225223 -2.4774774774774775
 0.25425425425425424 -2.4574574574574575
 0.25625625625625625 -2.4374374374374375
 0.25825825825825827 -2.4174174174174174
 0.26026026026026028 -2.3973973973973974
 0.26226226226226224 -2.3773773773773774
 0.26426426426426425 -2.3573573573573574
 0.26626626626626626 -2.3373373373373374
 0.26826826826826827 -2.3173173173173174
 0.27027027027027029 -2.2972972972972974
 0.27227227227227224 -2.2772772772772774
 0.27427427427427425 -2.2572572572572573
 0.27627627627627627 -2.2372372372372373
 0.27827827827827828 -2.2172172172172173
 0.28028028028028029 -2.1971971971971973
 0.2822822822822823 -2.1771771771771768
 0.28428428428428426 -2.1571571571571573
 0.28628628628628627 -2.1371371371371373
 0.28828828828828829 -2.1171171171171173
 0.2902902902902903 -2.0970970970970972
 0.29229229229229231 -2.0770770770770768
 0.29429429429429427 -2.0570570570570572
 0.29629629629629628 -2.0370370370370372
 0.29829829829829829 -2.0170170170170172
 0.3003003003003003 -1.996996996996997
 0.30230230230230232 -1.9769769769769767
 0.30430430430430433 -1.9569569569569567
 0.30630630630630629 -1.9369369369369371
 0.3083083083083083 -1.9169169169169171
 0.31031031031031031 -1.8968968968968969
 0.31231231231231232 -1.8768768768768767
 0.31431431431431434 -1.8568568568568566
 0.31631631631631629 -1.8368368368368371
 0.31831831831831831 -1.8168168168168171
 0.32032032032032032 -1.7967967967967968
 0.32232232232232233 -1.7767767767767761
 0.32432432432432434 -1.7567567567567566
 0.3263263263263263 -1.7367367367367375
 0.32832832832832831 -1.716716716716717
 0.33033033033033032 -1.6966966966966968
 0.33233233233233234 -1.6766766766766765
 0.33433433433433435 -1.6566566566566565
 0.33633633633633631 -1.6366366366366369
 0.33833833833833832 -1.6166166166166174
 0.34034034034034033 -1.5965965965965967
 0.34234234234234234 -1.5765765765765765
 0.34434434434434436 -1.5565565565565564
 0.34634634634634637 -1.5365365365365364
 0.34834834834834832 -1.5165165165165169
 0.35035035035035034 -1.4964964964964973
 0.35235235235235235 -1.4764764764764764
 0.35435435435435436 -1.4564564564564564
 0.35635635635635637 -1.4364364364364368
 0.35835835835835833 -1.4164164164164168
 0.36036036036036034 -1.3963963963963966
 0.36236236236236236 -1.3763763763763759
 0.36436436436436437 -1.3563563563563563
 0.36636636636636638 -1.3363363363363363
 0.36836836836836839 -1.3163163163163167
 0.37037037037037035 -1.2962962962962965
 0.37237237237237236 -1.2762762762762763
 0.37437437437437437 -1.2562562562562558
 0.37637637637637639 -1.2362362362362362
 0.3783783783783784 -1.216216216216216
 0.38038038038038036 -1.1961961961961964
 0.38238238238238237 -1.1761761761761762
 0.38438438438438438 -1.1561561561561562
 0.38638638638638639 -1.1361361361361362
 0.38838838838838841 -1.1161161161161159
 0.39039039039039036 -1.096096096096097
 0.39239239239239238 -1.0760760760760761
 0.39439439439439439 -1.0560560560560561
 0.3963963963963964 -1.0360360360360361
 0.39839839839839841 -1.0160160160160159
 0.40040040040040037 -0.99599599599599631
 0.40240240240240238 -0.97597597597597674
 0.40440440440440439 -0.95595595595595606
 0.40640640640640641 -0.93593593593593594
 0.40840840840840842 -0.91591591591591637
 0.41041041041041043 -0.89589589589589569
 0.41241241241241239 -0.87587587587587612
 0.4144144144144144 -0.85585585585585544
 0.41641641641641641 -0.83583583583583587
 0.41841841841841843 -0.81581581581581575
 0.42042042042042044 -0.79579579579579618
 0.42242242242242239 -0.77577577577577606
 0.42442442442442441 -0.75575575575575593
 0.42642642642642642 -0.73573573573573525
 0.42842842842842843 -0.71571571571571568
 0.43043043043043044 -0.69569569569569556
 0.43243243243243246 -0.67567567567567488
 0.43443443443443441 -0.65565565565565587
 0.43643643643643643 -0.63563563563563574
 0.43843843843843844 -0.61561561561561562
 0.44044044044044045 -0.5955955955955955
 0.44244244244244246 -0.57557557557557537
 0.44444444444444442 -0.5555555555555558
 0.44644644644644643 -0.53553553553553568
 0.44844844844844844 -0.51551551551551555
 0.45045045045045046 -0.49549549549549543
 0.45245245245245247 -0.47547547547547531
 0.45445445445445443 -0.45545545545545518
 0.45645645645645644 -0.43543543543543561
 0.45845845845845845 -0.41541541541541549
 0.46046046046046046 -0.39539539539539592
 0.46246246246246248 -0.37537537537537524
 0.46446446446446443 -0.35535535535535567
 0.46646646646646645 -0.33533533533533499
 0.46846846846846846 -0.31531531531531543
 0.47047047047047047 -0.2952952952952953
 0.47247247247247248 -0.27527527527527573
 0.47447447447447449 -0.25525525525525505
 0.47647647647647645 -0.23523523523523548
 0.47847847847847846 -0.21521521521521481
 0.48048048048048048 -0.19519519519519524
 0.48248248248248249 -0.17517517517517511
 0.4844844844844845 -0.15515515515515443
 0.48648648648648646 -0.13513513513513542
 0.48848848848848847 -0.1151151151151153
 0.49049049049049048 -0.095095095095095172
 0.4924924924924925 -0.075075075075075048
 0.49449449449449451 -0.055055055055054924
 0.49649649649649652 -0.035035035035034245
 0.49849849849849848 -0.015015015015015232
 0.50050050050050054 0.0050050050050054473
 0.5025025025025025 0.025025025025025016
 0.50450450450450446 0.045045045045044585
 0.50650650650650653 0.065065065065065264
 0.50850850850850848 0.085085085085084833
 0.51051051051051055 0.10510510510510551
 0.51251251251251251 0.12512512512512508
 0.51451451451451446 0.14514514514514465
 0.51651651651651653 0.16516516516516533
 0.51851851851851849 0.1851851851851849
 0.52052052052052056 0.20520520520520558
 0.52252252252252251 0.22522522522522515
 0.52452452452452447 0.24524524524524471
 0.52652652652652654 0.26526526526526539
 0.5285285285285285 0.28528528528528496
 0.53053053053053056 0.30530530530530564
 0.53253253253253252 0.32532532532532521
 0.53453453453453448 0.34534534534534478
 0.53653653653653655 0.36536536536536546
 0.5385385385385385 0.38538538538538503
 0.54054054054054057 0.40540540540540571
 0.54254254254254253 0.42542542542542527
 0.54454454454454448 0.44544544544544484
 0.54654654654654655 0.46546546546546552
 0.54854854854854851 0.48548548548548509
 0.55055055055055058 0.50550550550550577
 0.55255255255255253 0.52552552552552534
 0.5545545545545546 0.54554554554554602
 0.55655655655655656 0.56556556556556559
 0.55855855855855852 0.58558558558558516
 0.56056056056056058 0.60560560560560583
 0.56256256256256254 0.6256256256256254
 0.56456456456456461 0.64564564564564608
 0.56656656656656657 0.66566566566566565
 0.56856856856856852 0.68568568568568522
 0.57057057057057059 0.7057057057057059
 0.57257257257257255 0.72572572572572547
 0.57457457457457461 0.74574574574574615
 0.57657657657657657 0.76576576576576572
 0.57857857857857853 0.78578578578578528
 0.5805805805805806 0.80580580580580596
 0.58258258258258255 0.82582582582582553
 0.58458458458458462 0.84584584584584621
 0.58658658658658658 0.86586586586586578
 0.58858858858858853 0.88588588588588535
 0.5905905905905906 0.90590590590590603
 0.59259259259259256 0.9259259259259256
 0.59459459459459463 0.94594594594594628
 0.59659659659659658 0.96596596596596584
 0.59859859859859854 0.98598598598598541
 0.60060060060060061 1.0060060060060061
 0.60260260260260257 1.0260260260260257
 0.60460460460460463 1.0460460460460463
 0.60660660660660659 1.0660660660660659
 0.60860860860860866 1.0860860860860866
 0.61061061061061062 1.1061061061061062
 0.61261261261261257 1.1261261261261257
 0.61461461461461464 1.1461461461461464
 0.6166166166166166 1.166166166166166
 0.61861861861861867 1.1861861861861867
 0.62062062062062062 1.2062062062062062
 0.62262262262262258 1.2262262262262258
 0.62462462462462465 1.2462462462462465
 0.6266266266266266 1.266266266266266
 0.62862862862862867 1.2862862862862867
 0.63063063063063063 1.3063063063063063
 0.63263263263263259 1.3263263263263259
 0.63463463463463465 1.3463463463463465
 0.63663663663663661 1.3663663663663661
 0.63863863863863868 1.3863863863863879
 0.64064064064064064 1.4064064064064064
 0.64264264264264259 1.4264264264264259
 0.64464464464464466 1.4464464464464477
 0.64664664664664662 1.4664664664664662
 0.64864864864864868 1.4864864864864868
 0.65065065065065064 1.5065065065065064
 0.6526526526526526 1.5265265265265249
 0.65465465465465467 1.5465465465465467
 0.65665665665665662 1.5665665665665662
 0.65865865865865869 1.5865865865865869
 0.66066066066066065 1.6066066066066065
 0.6626626626626626 1.626626626626626
 0.66466466466466467 1.6466466466466467
 0.66666666666666663 1.6666666666666663
 0.6686686686686687 1.686686686686687
 0.67067067067067065 1.7067067067067065
 0.67267267267267261 1.7267267267267261
 0.67467467467467468 1.7467467467467468
 0.67667667667667664 1.7667667667667653
 0.6786786786786787 1.786786786786787
 0.68068068068068066 1.8068068068068066
 0.68268268268268273 1.8268268268268273
 0.68468468468468469 1.8468468468468469
 0.68668668668668664 1.8668668668668664
 0.68868868868868871 1.8868868868868871
 0.69069069069069067 1.9069069069069067
 0.69269269269269274 1.9269269269269274
 0.69469469469469469 1.9469469469469458
 0.69669669669669665 1.9669669669669665
 0.69869869869869872 1.9869869869869872
 0.70070070070070067 2.0070070070070054
 0.70270270270270274 2.0270270270270272
 0.7047047047047047 2.0470470470470472
 0.70670670670670666 2.0670670670670677
 0.70870870870870872 2.0870870870870872
 0.71071071071071068 2.1071071071071068
 0.71271271271271275 2.1271271271271264
 0.71471471471471471 2.1471471471471473
 0.71671671671671666 2.1671671671671664
 0.71871871871871873 2.1871871871871864
 0.72072072072072069 2.2072072072072069
 0.72272272272272275 2.2272272272272273
 0.72472472472472471 2.2472472472472482
 0.72672672672672667 2.2672672672672665
 0.72872872872872874 2.2872872872872874
 0.73073073073073069 2.3073073073073083
 0.73273273273273276 2.3273273273273274
 0.73473473473473472 2.3473473473473474
 0.73673673673673679 2.3673673673673665
 0.73873873873873874 2.3873873873873874
 0.7407407407407407 2.407407407407407
 0.74274274274274277 2.4274274274274288
 0.74474474474474472 2.4474474474474475
 0.74674674674674679 2.4674674674674679
 0.74874874874874875 2.4874874874874884
 0.75075075075075071 2.5075075075075071
 0.75275275275275277 2.5275275275275275
 0.75475475475475473 2.5475475475475475
 0.7567567567567568 2.567567567567568
 0.75875875875875876 2.5875875875875876
 0.76076076076076071 2.6076076076076071
 0.76276276276276278 2.6276276276276276
 0.76476476476476474 2.6476476476476476
 0.76676676676676681 2.6676676676676694
 0.76876876876876876 2.6876876876876876
 0.77077077077077072 2.7077077077077072
 0.77277277277277279 2.7277277277277276
 0.77477477477477474 2.7477477477477477
 0.77677677677677681 2.7677677677677681
 0.77877877877877877 2.7877877877877877
 0.78078078078078073 2.8078078078078059
 0.78278278278278279 2.8278278278278277
 0.78478478478478475 2.8478478478478477
 0.78678678678678682 2.8678678678678682
 0.78878878878878878 2.8878878878878878
 0.79079079079079073 2.9079079079079073
 0.7927927927927928 2.9279279279279278
 0.79479479479479476 2.9479479479479478
 0.79679679679679682 2.9679679679679682
 0.79879879879879878 2.9879879879879869
 0.80080080080080074 3.0080080080080074
 0.80280280280280281 3.0280280280280278
 0.80480480480480476 3.0480480480480465
 0.80680680680680683 3.0680680680680683
 0.80880880880880879 3.0880880880880879
 0.81081081081081086 3.1081081081081088
 0.81281281281281281 3.1281281281281279
 0.81481481481481477 3.1481481481481479
 0.81681681681681684 3.168168168168167
 0.81881881881881879 3.1881881881881879
 0.82082082082082086 3.2082082082082088
 0.82282282282282282 3.2282282282282271
 0.82482482482482478 3.248248248248248
 0.82682682682682684 3.2682682682682684
 0.8288288288288288 3.2882882882882889
 0.83083083083083087 3.3083083083083089
 0.83283283283283283 3.328328328328328
 0.83483483483483478 3.3483483483483489
 0.83683683683683685 3.3683683683683685
 0.83883883883883881 3.3883883883883881
 0.84084084084084088 3.4084084084084076
 0.84284284284284283 3.4284284284284281
 0.84484484484484479 3.4484484484484481
 0.84684684684684686 3.4684684684684699
 0.84884884884884881 3.4884884884884881
 0.85085085085085088 3.508508508508509
 0.85285285285285284 3.5285285285285295
 0.8548548548548548 3.5485485485485482
 0.85685685685685686 3.5685685685685686
 0.85885885885885882 3.5885885885885882
 0.86086086086086089 3.6086086086086091
 0.86286286286286284 3.6286286286286282
 0.86486486486486491 3.64864864864865
 0.86686686686686687 3.6686686686686687
 0.86886886886886883 3.6886886886886883
 0.87087087087087089 3.7087087087087101
 0.87287287287287285 3.7287287287287283
 0.87487487487487492 3.7487487487487492
 0.87687687687687688 3.7687687687687688
 0.87887887887887883 3.7887887887887883
 0.8808808808808809 3.8088088088088092
 0.88288288288288286 3.8288288288288284
 0.88488488488488493 3.8488488488488493
 0.88688688688688688 3.8688688688688688
 0.88888888888888884 3.8888888888888884
 0.89089089089089091 3.9089089089089093
 0.89289289289289286 3.9289289289289284
 0.89489489489489493 3.9489489489489493
 0.89689689689689689 3.9689689689689689
 0.89889889889889885 3.9889889889889885
 0.90090090090090091 4.0090090090090094
 0.90290290290290287 4.0290290290290276
 0.90490490490490494 4.0490490490490494
 0.9069069069069069 4.0690690690690694
 0.90890890890890885 4.0890890890890894
 0.91091091091091092 4.1091091091091094
 0.91291291291291288 4.1291291291291286
 0.91491491491491495 4.1491491491491495
 0.9169169169169169 4.1691691691691695
 0.91891891891891886 4.1891891891891886
 0.92092092092092093 4.2092092092092077
 0.92292292292292288 4.2292292292292286
 0.92492492492492495 4.2492492492492495
 0.92692692692692691 4.2692692692692678
 0.92892892892892887 4.2892892892892887
 0.93093093093093093 4.3093093093093096
 0.93293293293293289 4.3293293293293296
 0.93493493493493496 4.3493493493493496
 0.93693693693693691 4.3693693693693696
 0.93893893893893898 4.3893893893893887
 0.94094094094094094 4.4094094094094096
 0.9429429429429429 4.4294294294294287
 0.94494494494494496 4.4494494494494488
 0.94694694694694692 4.4694694694694697
 0.94894894894894899 4.4894894894894897
 0.95095095095095095 4.5095095095095106
 0.9529529529529529 4.5295295295295288
 0.95495495495495497 4.5495495495495497
 0.95695695695695693 4.5695695695695706
 0.958958958958959 4.5895895895895897
 0.96096096096096095 4.6096096096096097
 0.96296296296296291 4.6296296296296289
 0.96496496496496498 4.6496496496496498
 0.96696696696696693 4.6696696696696698
 0.968968968968969 4.6896896896896916
 0.97097097097097096 4.7097097097097098
 0.97297297297297292 4.7297297297297289
 0.97497497497497498 4.7497497497497507
 0.97697697697697694 4.7697697697697699
 0.97897897897897901 4.7897897897897899
 0.98098098098098097 4.8098098098098099
 0.98298298298298292 4.8298298298298281
 0.98498498498498499 4.8498498498498499
 0.98698698698698695 4.8698698698698699
 0.98898898898898902 4.8898898898898899
 0.99099099099099097 4.9099099099099099
 0.99299299299299304 4.9299299299299317
 0.994994994994995 4.94994994994995
 0.99699699699699695 4.96996996996997
 0.99899899899899902 4.98998998998999
 1.0010010010010011 4.9899899899899891
 1.003003003003003 4.96996996996997
 1.005005005005005 4.94994994994995
 1.007007007007007 4.92992992992993
 1.0090090090090089 4.9099099099099108
 1.0110110110110111 4.889889889889889
 1.0130130130130131 4.8698698698698699
 1.015015015015015 4.8498498498498499
 1.0170170170170172 4.8298298298298281
 1.0190190190190189 4.8098098098098108
 1.0210210210210211 4.789789789789789
 1.0230230230230231 4.7697697697697699
 1.025025025025025 4.7497497497497498
 1.0270270270270272 4.729729729729728
 1.0290290290290289 4.7097097097097107
 1.0310310310310311 4.6896896896896889
 1.0330330330330331 4.6696696696696698
 1.035035035035035 4.6496496496496498
 1.0370370370370372 4.629629629629628
 1.0390390390390389 4.6096096096096106
 1.0410410410410411 4.5895895895895888
 1.0430430430430431 4.5695695695695697
 1.045045045045045 4.5495495495495497
 1.0470470470470472 4.5295295295295279
 1.0490490490490489 4.5095095095095106
 1.0510510510510511 4.4894894894894888
 1.0530530530530531 4.4694694694694697
 1.055055055055055 4.4494494494494496
 1.0570570570570572 4.4294294294294279
 1.0590590590590589 4.4094094094094105
 1.0610610610610611 4.3893893893893887
 1.0630630630630631 4.3693693693693696
 1.065065065065065 4.3493493493493496
 1.0670670670670672 4.3293293293293278
 1.069069069069069 4.3093093093093104
 1.0710710710710711 4.2892892892892887
 1.0730730730730731 4.2692692692692695
 1.075075075075075 4.2492492492492495
 1.0770770770770772 4.2292292292292277
 1.079079079079079 4.2092092092092104
 1.0810810810810811 4.1891891891891886
 1.0830830830830831 4.1691691691691695
 1.0850850850850851 4.1491491491491495
 1.0870870870870872 4.1291291291291277
 1.089089089089089 4.1091091091091103
 1.0910910910910911 4.0890890890890885
 1.0930930930930931 4.0690690690690694
 1.0950950950950951 4.0490490490490494
 1.0970970970970972 4.0290290290290276
 1.099099099099099 4.0090090090090102
 1.1011011011011012 3.9889889889889885
 1.1031031031031031 3.9689689689689689
 1.1051051051051051 3.9489489489489493
 1.1071071071071072 3.9289289289289275
 1.109109109109109 3.9089089089089102
 1.1111111111111112 3.8888888888888884
 1.1131131131131131 3.8688688688688688
 1.1151151151151151 3.8488488488488493
 1.1171171171171173 3.8288288288288275
 1.119119119119119 3.8088088088088101
 1.1211211211211212 3.7887887887887883
 1.1231231231231231 3.7687687687687688
 1.1251251251251251 3.7487487487487492
 1.1271271271271273 3.7287287287287274
 1.129129129129129 3.7087087087087101
 1.1311311311311312 3.6886886886886883
 1.1331331331331331 3.6686686686686687
 1.1351351351351351 3.6486486486486491
 1.1371371371371373 3.6286286286286273
 1.139139139139139 3.60860860860861
 1.1411411411411412 3.5885885885885882
 1.1431431431431431 3.5685685685685686
 1.1451451451451451 3.5485485485485491
 1.1471471471471473 3.5285285285285273
 1.149149149149149 3.5085085085085099
 1.1511511511511512 3.4884884884884881
 1.1531531531531531 3.4684684684684686
 1.1551551551551551 3.448448448448449
 1.1571571571571573 3.4284284284284272
 1.159159159159159 3.4084084084084099
 1.1611611611611612 3.3883883883883881
 1.1631631631631631 3.3683683683683685
 1.1651651651651651 3.3483483483483489
 1.1671671671671673 3.3283283283283271
 1.169169169169169 3.3083083083083098
 1.1711711711711712 3.288288288288288
 1.1731731731731732 3.2682682682682684
 1.1751751751751751 3.2482482482482489
 1.1771771771771773 3.2282282282282271
 1.179179179179179 3.2082082082082097
 1.1811811811811812 3.1881881881881879
 1.1831831831831832 3.1681681681681684
 1.1851851851851851 3.1481481481481488
 1.1871871871871873 3.128128128128127
 1.189189189189189 3.1081081081081097
 1.1911911911911912 3.0880880880880879
 1.1931931931931932 3.0680680680680683
 1.1951951951951951 3.0480480480480487
 1.1971971971971973 3.028028028028027
 1.1991991991991993 3.0080080080080074
 1.2012012012012012 2.9879879879879878
 1.2032032032032032 2.9679679679679682
 1.2052052052052051 2.9479479479479487
 1.2072072072072073 2.9279279279279269
 1.2092092092092093 2.9079079079079073
 1.2112112112112112 2.8878878878878878
 1.2132132132132132 2.8678678678678682
 1.2152152152152151 2.8478478478478486
 1.2172172172172173 2.8278278278278268
 1.2192192192192193 2.8078078078078073
 1.2212212212212212 2.7877877877877877
 1.2232232232232232 2.7677677677677681
 1.2252252252252251 2.7477477477477485
 1.2272272272272273 2.7277277277277268
 1.2292292292292293 2.7077077077077072
 1.2312312312312312 2.6876876876876876
 1.2332332332332332 2.6676676676676681
 1.2352352352352352 2.6476476476476485
 1.2372372372372373 2.6276276276276267
 1.2392392392392393 2.6076076076076071
 1.2412412412412412 2.5875875875875876
 1.2432432432432432 2.567567567567568
 1.2452452452452452 2.5475475475475484
 1.2472472472472473 2.5275275275275266
 1.2492492492492493 2.5075075075075071
 1.2512512512512513 2.4874874874874875
 1.2532532532532532 2.4674674674674679
 1.2552552552552552 2.4474474474474484
 1.2572572572572573 2.4274274274274266
 1.2592592592592593 2.407407407407407
 1.2612612612612613 2.3873873873873874
 1.2632632632632632 2.3673673673673679
 1.2652652652652652 2.3473473473473483
 1.2672672672672673 2.3273273273273265
 1.2692692692692693 2.3073073073073069
 1.2712712712712713 2.2872872872872874
 1.2732732732732734 2.2672672672672656
 1.2752752752752752 2.2472472472472482
 1.2772772772772774 2.2272272272272242
 1.2792792792792793 2.2072072072072069
 1.2812812812812813 2.1871871871871873
 1.2832832832832834 2.1671671671671677
 1.2852852852852852 2.1471471471471482
 1.2872872872872874 2.1271271271271264
 1.2892892892892893 2.1071071071071046
 1.2912912912912913 2.0870870870870872
 1.2932932932932935 2.0670670670670654
 1.2952952952952952 2.0470470470470481
 1.2972972972972974 2.0270270270270263
 1.2992992992992993 2.0070070070070067
 1.3013013013013013 1.9869869869869872
 1.3033033033033035 1.9669669669669654
 1.3053053053053052 1.9469469469469503
 1.3073073073073074 1.926926926926924
 1.3093093093093093 1.9069069069069067
 1.3113113113113113 1.8868868868868871
 1.3133133133133135 1.8668668668668675
 1.3153153153153152 1.846846846846848
 1.3173173173173174 1.8268268268268262
 1.3193193193193193 1.8068068068068066
 1.3213213213213213 1.786786786786787
 1.3233233233233235 1.7667667667667653
 1.3253253253253252 1.7467467467467479
 1.3273273273273274 1.7267267267267261
 1.3293293293293293 1.7067067067067065
 1.3313313313313313 1.686686686686687
 1.3333333333333335 1.6666666666666652
 1.3353353353353352 1.6466466466466501
 1.3373373373373374 1.626626626626626
 1.3393393393393394 1.6066066066066065
 1.3413413413413413 1.5865865865865869
 1.3433433433433435 1.5665665665665629
 1.3453453453453452 1.5465465465465478
 1.3473473473473474 1.526526526526526
 1.3493493493493494 1.5065065065065064
 1.3513513513513513 1.4864864864864868
 1.3533533533533535 1.4664664664664651
 1.3553553553553552 1.4464464464464477
 1.3573573573573574 1.4264264264264259
 1.3593593593593594 1.4064064064064064
 1.3613613613613613 1.3863863863863868
 1.3633633633633635 1.366366366366365
 1.3653653653653652 1.3463463463463454
 1.3673673673673674 1.3263263263263259
 1.3693693693693694 1.3063063063063063
 1.3713713713713713 1.2862862862862889
 1.3733733733733735 1.2662662662662627
 1.3753753753753752 1.2462462462462476
 1.3773773773773774 1.2262262262262258
 1.3793793793793794 1.2062062062062062
 1.3813813813813813 1.1861861861861867
 1.3833833833833835 1.1661661661661649
 1.3853853853853852 1.1461461461461475
 1.3873873873873874 1.1261261261261257
 1.3893893893893894 1.1061061061061084
 1.3913913913913913 1.0860860860860866
 1.3933933933933935 1.0660660660660648
 1.3953953953953953 1.0460460460460452
 1.3973973973973974 1.0260260260260257
 1.3993993993993994 1.0060060060060061
 1.4014014014014013 0.98598598598598874
 1.4034034034034035 0.96596596596596473
 1.4054054054054053 0.94594594594594739
 1.4074074074074074 0.92592592592592782
 1.4094094094094094 0.90590590590590603
 1.4114114114114114 0.88588588588588646
 1.4134134134134135 0.86586586586586467
 1.4154154154154153 0.84584584584584732
 1.4174174174174174 0.82582582582582553
 1.4194194194194194 0.80580580580580818
 1.4214214214214214 0.78578578578578639
 1.4234234234234235 0.76576576576576461
 1.4254254254254253 0.74574574574574726
 1.4274274274274275 0.72572572572572547
 1.4294294294294294 0.7057057057057059
 1.4314314314314314 0.68568568568568411
 1.4334334334334335 0.66566566566566454
 1.4354354354354353 0.64564564564564719
 1.4374374374374375 0.62562562562562762
 1.4394394394394394 0.60560560560560583
 1.4414414414414414 0.58558558558558627
 1.4434434434434436 0.5655655655655667
 1.4454454454454453 0.54554554554554713
 1.4474474474474475 0.52552552552552534
 1.4494494494494494 0.50550550550550355
 1.4514514514514514 0.4854854854854862
 1.4534534534534536 0.46546546546546441
 1.4554554554554555 0.44544544544544706
 1.4574574574574575 0.42542542542542527
 1.4594594594594594 0.40540540540540571
 1.4614614614614614 0.38538538538538392
 1.4634634634634636 0.36536536536536435
 1.4654654654654655 0.34534534534534478
 1.4674674674674675 0.32532532532532299
 1.4694694694694694 0.30530530530530564
 1.4714714714714714 0.28528528528528607
 1.4734734734734736 0.2652652652652665
 1.4754754754754755 0.24524524524524471
 1.4774774774774775 0.22522522522522515
 1.4794794794794794 0.20520520520520336
 1.4814814814814814 0.18518518518518601
 1.4834834834834836 0.16516516516516422
 1.4854854854854855 0.14514514514514243
 1.4874874874874875 0.12512512512512508
 1.4894894894894894 0.10510510510510551
 1.4914914914914914 0.085085085085085943
 1.4934934934934936 0.065065065065064154
 1.4954954954954955 0.045045045045044585
 1.4974974974974975 0.025025025025022796
 1.4994994994994995 0.0050050050050054473
 1.5015015015015014 -0.015015015015014122
 1.5035035035035036 -0.035035035035038131
 1.5055055055055055 -0.05505505505505548
 1.5075075075075075 -0.075075075075075048
 1.5095095095095095 -0.095095095095094617
 1.5115115115115114 -0.11511511511511419
 1.5135135135135136 -0.13513513513513598
 1.5155155155155156 -0.15515515515515776
 1.5175175175175175 -0.17517517517517511
 1.5195195195195195 -0.19519519519519468
 1.5215215215215214 -0.21521521521521425
 1.5235235235235236 -0.23523523523523604
 1.5255255255255256 -0.25525525525525561
 1.5275275275275275 -0.27527527527527518
 1.5295295295295295 -0.29529529529529475
 1.5315315315315314 -0.31531531531531209
 1.5335335335335336 -0.33533533533533832
 1.5355355355355356 -0.35535535535535567
 1.5375375375375375 -0.37537537537537524
 1.5395395395395395 -0.39539539539539481
 1.5415415415415414 -0.41541541541541438
 1.5435435435435436 -0.43543543543543617
 1.5455455455455456 -0.45545545545545574
 1.5475475475475475 -0.47547547547547531
 1.5495495495495495 -0.49549549549549488
 1.5515515515515514 -0.51551551551551444
 1.5535535535535536 -0.53553553553553623
 1.5555555555555556 -0.5555555555555558
 1.5575575575575575 -0.57557557557557537
 1.5595595595595595 -0.59559559559559494
 1.5615615615615615 -0.61561561561561229
 1.5635635635635636 -0.6356356356356363
 1.5655655655655656 -0.65565565565565587
 1.5675675675675675 -0.67567567567567544
 1.5695695695695695 -0.695695695695695
 1.5715715715715715 -0.71571571571571457
 1.5735735735735736 -0.73573573573573636
 1.5755755755755756 -0.75575575575575593
 1.5775775775775776 -0.7757757757757755
 1.5795795795795795 -0.79579579579579285
 1.5815815815815815 -0.81581581581581464
 1.5835835835835836 -0.83583583583583643
 1.5855855855855856 -0.855855855855856
 1.5875875875875876 -0.87587587587587556
 1.5895895895895895 -0.89589589589589513
 1.5915915915915915 -0.91591591591591692
 1.5935935935935936 -0.93593593593593649
 1.5955955955955956 -0.95595595595595606
 1.5975975975975976 -0.97597597597597341
 1.5995995995995997 -0.99599599599599964
 1.6016016016016015 -1.0160160160160148
 1.6036036036036037 -1.0360360360360366
 1.6056056056056056 -1.0560560560560561
 1.6076076076076076 -1.0760760760760757
 1.6096096096096097 -1.0960960960960975
 1.6116116116116115 -1.1161161161161148
 1.6136136136136137 -1.1361361361361366
 1.6156156156156156 -1.156156156156154
 1.6176176176176176 -1.1761761761761758
 1.6196196196196198 -1.1961961961961975
 1.6216216216216215 -1.2162162162162171
 1.6236236236236237 -1.2362362362362367
 1.6256256256256256 -1.2562562562562563
 1.6276276276276276 -1.2762762762762736
 1.6296296296296298 -1.2962962962962976
 1.6316316316316315 -1.316316316316315
 1.6336336336336337 -1.3363363363363345
 1.6356356356356356 -1.3563563563563563
 1.6376376376376376 -1.3763763763763759
 1.6396396396396398 -1.3963963963963977
 1.6416416416416417 -1.4164164164164172
 1.6436436436436437 -1.4364364364364368
 1.6456456456456456 -1.4564564564564542
 1.6476476476476476 -1.476476476476476
 1.6496496496496498 -1.4964964964964977
 1.6516516516516517 -1.5165165165165151
 1.6536536536536537 -1.5365365365365369
 1.6556556556556556 -1.5565565565565564
 1.6576576576576576 -1.5765765765765782
 1.6596596596596598 -1.5965965965965978
 1.6616616616616617 -1.6166166166166174
 1.6636636636636637 -1.6366366366366347
 1.6656656656656657 -1.6566566566566565
 1.6676676676676676 -1.6766766766766761
 1.6696696696696698 -1.6966966966966979
 1.6716716716716717 -1.7167167167167174
 1.6736736736736737 -1.736736736736737
 1.6756756756756757 -1.7567567567567588
 1.6776776776776776 -1.7767767767767761
 1.6796796796796798 -1.7967967967967979
 1.6816816816816818 -1.8168168168168153
 1.6836836836836837 -1.8368368368368371
 1.6856856856856857 -1.8568568568568566
 1.6876876876876876 -1.8768768768768784
 1.6896896896896898 -1.896896896896898
 1.6916916916916918 -1.9169169169169176
 1.6936936936936937 -1.9369369369369394
 1.6956956956956957 -1.9569569569569567
 1.6976976976976976 -1.9769769769769763
 1.6996996996996998 -1.9969969969969958
 1.7017017017017018 -2.0170170170170176
 1.7037037037037037 -2.0370370370370372
 1.7057057057057057 -2.057057057057059
 1.7077077077077076 -2.0770770770770763
 1.7097097097097098 -2.0970970970970981
 1.7117117117117118 -2.1171171171171199
 1.7137137137137137 -2.1371371371371373
 1.7157157157157157 -2.1571571571571568
 1.7177177177177176 -2.1771771771771764
 1.7197197197197198 -2.1971971971971982
 1.7217217217217218 -2.2172172172172178
 1.7237237237237237 -2.2372372372372396
 1.7257257257257257 -2.2572572572572569
 1.7277277277277276 -2.2772772772772765
 1.7297297297297298 -2.2972972972973005
 1.7317317317317318 -2.3173173173173178
 1.7337337337337337 -2.3373373373373374
 1.7357357357357357 -2.357357357357357
 1.7377377377377377 -2.3773773773773765
 1.7397397397397398 -2.3973973973973983
 1.7417417417417418 -2.4174174174174201
 1.7437437437437437 -2.4374374374374375
 1.7457457457457457 -2.457457457457457
 1.7477477477477477 -2.4774774774774766
 1.7497497497497498 -2.4974974974974984
 1.7517517517517518 -2.517517517517518
 1.7537537537537538 -2.5375375375375375
 1.7557557557557557 -2.5575575575575571
 1.7577577577577577 -2.5775775775775767
 1.7597597597597598 -2.5975975975976007
 1.7617617617617618 -2.617617617617618
 1.7637637637637638 -2.6376376376376376
 1.7657657657657657 -2.6576576576576572
 1.7677677677677677 -2.6776776776776767
 1.7697697697697699 -2.6976976976976985
 1.7717717717717718 -2.7177177177177181
 1.7737737737737738 -2.7377377377377377
 1.7757757757757757 -2.7577577577577572
 1.7777777777777777 -2.7777777777777768
 1.7797797797797799 -2.7977977977977986
 1.7817817817817818 -2.8178178178178181
 1.7837837837837838 -2.8378378378378377
 1.7857857857857857 -2.8578578578578573
 1.7877877877877877 -2.8778778778778746
 1.7897897897897899 -2.8978978978978986
 1.7917917917917918 -2.9179179179179182
 1.7937937937937938 -2.9379379379379378
 1.7957957957957957 -2.9579579579579574
 1.7977977977977977 -2.9779779779779769
 1.7997997997997999 -2.9979979979979987
 1.8018018018018018 -3.0180180180180183
 1.8038038038038038 -3.0380380380380378
 1.8058058058058057 -3.0580580580580552
 1.8078078078078077 -3.078078078078077
 1.8098098098098099 -3.0980980980980988
 1.8118118118118118 -3.1181181181181183
 1.8138138138138138 -3.1381381381381379
 1.8158158158158157 -3.1581581581581575
 1.8178178178178177 -3.1781781781781793
 1.8198198198198199 -3.1981981981981988
 1.8218218218218218 -3.2182182182182184
 1.8238238238238238 -3.2382382382382358
 1.8258258258258258 -3.2582582582582575
 1.8278278278278277 -3.2782782782782771
 1.8298298298298299 -3.2982982982982989
 1.8318318318318318 -3.3183183183183185
 1.8338338338338338 -3.338338338338338
 1.8358358358358358 -3.3583583583583554
 1.8378378378378377 -3.3783783783783772
 1.8398398398398399 -3.398398398398399
 1.8418418418418419 -3.4184184184184163
 1.8438438438438438 -3.4384384384384381
 1.8458458458458458 -3.4584584584584577
 1.8478478478478477 -3.4784784784784795
 1.8498498498498499 -3.498498498498499
 1.8518518518518519 -3.5185185185185186
 1.8538538538538538 -3.5385385385385359
 1.8558558558558558 -3.5585585585585577
 1.857857857857858 -3.5785785785785795
 1.8598598598598599 -3.5985985985985969
 1.8618618618618619 -3.6186186186186187
 1.8638638638638638 -3.6386386386386382
 1.8658658658658658 -3.65865865865866
 1.867867867867868 -3.6786786786786796
 1.8698698698698699 -3.6986986986986992
 1.8718718718718719 -3.7187187187187165
 1.8738738738738738 -3.7387387387387383
 1.8758758758758758 -3.7587587587587579
 1.877877877877878 -3.7787787787787774
 1.8798798798798799 -3.7987987987987992
 1.8818818818818819 -3.8188188188188188
 1.8838838838838838 -3.8388388388388406
 1.8858858858858858 -3.8588588588588579
 1.887887887887888 -3.8788788788788797
 1.8898898898898899 -3.8988988988988971
 1.8918918918918919 -3.9189189189189189
 1.8938938938938938 -3.9389389389389384
 1.8958958958958958 -3.9589589589589602
 1.897897897897898 -3.9789789789789798
 1.8998998998998999 -3.9989989989989994
 1.9019019019019019 -4.0190190190190211
 1.9039039039039038 -4.0390390390390385
 1.9059059059059058 -4.0590590590590576
 1.907907907907908 -4.0790790790790776
 1.9099099099099099 -4.0990990990990994
 1.9119119119119119 -4.1191191191191194
 1.9139139139139139 -4.1391391391391412
 1.915915915915916 -4.1591591591591603
 1.917917917917918 -4.1791791791791795
 1.9199199199199199 -4.1991991991992013
 1.9219219219219219 -4.2192192192192195
 1.9239239239239239 -4.2392392392392386
 1.925925925925926 -4.2592592592592577
 1.927927927927928 -4.2792792792792795
 1.92992992992993 -4.2992992992992995
 1.9319319319319319 -4.3193193193193213
 1.9339339339339339 -4.3393393393393387
 1.935935935935936 -4.3593593593593605
 1.937937937937938 -4.3793793793793823
 1.93993993993994 -4.3993993993993996
 1.9419419419419419 -4.4194194194194196
 1.9439439439439439 -4.4394394394394388
 1.9459459459459461 -4.4594594594594605
 1.947947947947948 -4.4794794794794797
 1.94994994994995 -4.4994994994995015
 1.9519519519519519 -4.5195195195195197
 1.9539539539539539 -4.5395395395395388
 1.9559559559559561 -4.5595595595595579
 1.957957957957958 -4.5795795795795797
 1.95995995995996 -4.5995995995995997
 1.9619619619619619 -4.6196196196196198
 1.9639639639639639 -4.6396396396396389
 1.9659659659659661 -4.6596596596596607
 1.967967967967968 -4.6796796796796825
 1.96996996996997 -4.6996996996996998
 1.9719719719719719 -4.7197197197197198
 1.9739739739739739 -4.7397397397397389
 1.9759759759759761 -4.7597597597597607
 1.977977977977978 -4.7797797797797799
 1.97997997997998 -4.7997997997997999
 1.9819819819819819 -4.8198198198198199
 1.9839839839839839 -4.839839839839839
 1.9859859859859861 -4.8598598598598635
 1.987987987987988 -4.8798798798798799
 1.98998998998999 -4.8998998998998999
 1.991991991991992 -4.9199199199199199
 1.9939939939939939 -4.9399399399399391
 1.9959959959959961 -4.9599599599599609
 1.997997997997998 -4.97997997997998
 2 -5


